Gene A	Gene B	Probability	True interactions	Common neighbors	Num of neighbors A	Num of neighbors B
YBR160W	YDR016C	0.9936	1	169	1253	353
YDL008W	YHR030C	0.99325	0	164	671	934
YGR195W	YPL190C	0.99268	0	80	273	553
YMR186W	YBR231C	0.99127	0	247	1182	885
YKL024C	YDR182W	0.99086	1	83	230	961
YNL262W	YER094C	0.98992	1	94	592	420
YDL116W	YPL241C	0.98915	0	64	343	259
YGL113W	YDL147W	0.98624	0	72	246	608
YGR277C	YDR238C	0.9861	0	70	250	652
YLR298C	YER009W	0.98595	0	129	759	402
YDR398W	YPR161C	0.98504	0	108	282	1101
YDR288W	YDR021W	0.98469	0	52	414	312
YGR092W	YLR200W	0.98165	0	242	903	726
YGR092W	YLR200W	0.98165	1	242	903	726
YDL102W	YGR188C	0.98155	0	196	667	716
YGR006W	YPL007C	0.98114	0	44	420	175
YIL021W	YHR205W	0.98091	0	188	606	686
YCL032W	YJL101C	0.97882	0	85	727	394
YGL219C	YMR281W	0.97876	0	52	500	363
YCL032W	YDL035C	0.97837	0	126	727	675
YLR087C	YMR216C	0.97828	0	113	584	401
YGL061C	YIL021W	0.97824	0	131	430	606
YGL173C	YDR145W	0.97732	1	195	805	738
YCR094W	YGR157W	0.97708	1	114	426	687
YGR183C	YML105C	0.97694	1	30	311	374
YKL139W	YOR250C	0.97687	0	130	859	436
YKL069W	YJL029C	0.97664	0	76	355	704
YGL233W	YDR137W	0.9764	0	74	255	520
YDL156W	YOR254C	0.97598	0	82	688	600
YAR014C	YMR281W	0.97552	0	42	343	363
YJL203W	YBR193C	0.97447	0	82	327	610
YOR250C	YGR156W	0.97445	0	98	436	534
YER122C	YCR032W	0.97413	1	42	519	128
YML103C	YFR050C	0.97381	0	131	586	419
YGL168W	YCL032W	0.97332	1	151	562	727
YDR159W	YDL126C	0.97322	0	269	896	861
YDL145C	YDR016C	0.97269	0	103	589	353
YOL006C	YOR330C	0.97234	0	47	623	157
YGL203C	YGL124C	0.97193	0	45	221	425
YDR510W	YDL098C	0.97152	0	48	692	218
YJR093C	YJL054W	0.97133	0	60	477	262
YGR188C	YEL018W	0.97097	1	130	716	344
YDL100C	YCR034W	0.97073	0	87	452	536
YLR086W	YNL136W	0.9704	0	92	328	723
YNL088W	YDL006W	0.96993	0	65	221	822
YOR249C	YLR079W	0.96962	0	158	630	704
YGR188C	YLR089C	0.96958	0	115	716	424
YDL006W	YER168C	0.96947	0	62	822	260
YKL018W	YLL002W	0.96936	0	55	162	560
YJR073C	YIR006C	0.96901	0	162	602	644
YPL211W	YDR449C	0.9689	0	36	334	218
YLR383W	YOR259C	0.96848	0	65	198	801
YDR311W	YGL122C	0.96796	0	374	699	2644
YGR105W	YGR002C	0.96765	0	230	904	712
YER093C	YNL080C	0.96721	1	146	626	732
YNL282W	YMR112C	0.96652	0	64	320	454
YGR252W	YDR159W	0.96615	0	191	626	896
YOR117W	YGL247W	0.96581	0	90	623	354
YFL037W	YDR060W	0.96562	0	77	433	438
YGL212W	YHR021C	0.96492	0	82	701	369
YML028W	YJR073C	0.96434	1	111	584	602
YJR057W	YLR103C	0.96405	0	101	661	268
YLR418C	YDL148C	0.96373	1	90	980	313
YLR116W	YPR183W	0.9634	0	65	259	478
YJL179W	YER157W	0.96301	0	102	288	1015
YDR236C	YNL061W	0.96239	0	73	206	772
YEL034W	YCR009C	0.96175	1	254	1027	1002
YPL069C	YNL067W	0.96164	0	70	1013	203
YLR315W	YJR084W	0.96157	0	63	255	604
YPL051W	YOR326W	0.96153	0	97	421	654
YAR014C	YJL148W	0.96118	0	67	343	520
YDR138W	YBR095C	0.96115	0	38	141	571
YLR371W	YLL002W	0.96081	1	146	793	560
YCR009C	YBR167C	0.96055	0	138	1002	465
YOR068C	YMR112C	0.95986	0	51	301	454
YOR294W	YHR065C	0.95945	0	22	202	119
YER155C	YDR224C	0.95902	0	88	569	394
YHR081W	YDL147W	0.95876	0	91	454	608
YDR082W	YNR010W	0.95794	0	51	250	558
YER092W	YPL153C	0.95783	0	110	456	576
YOR151C	YJR065C	0.95765	0	95	452	791
YMR268C	YER136W	0.95761	0	56	566	266
YGL130W	YGL016W	0.95731	0	78	586	266
YMR239C	YLL011W	0.95696	0	43	337	184
YOR250C	YJL125C	0.95689	0	52	436	293
YDR146C	YOR132W	0.95667	0	86	419	492
YKL073W	YOR070C	0.95666	0	94	371	518
YOR216C	YHR036W	0.95665	0	222	546	814
YOR216C	YHR036W	0.95665	1	222	546	814
YMR060C	YDR315C	0.95635	0	67	319	461
YDL164C	YPR070W	0.95572	0	88	464	612
YML065W	YCL005W-A	0.95505	0	66	640	446
YGR179C	YNR010W	0.95504	0	120	427	558
YDR331W	YBR161W	0.95503	0	47	658	181
YIL084C	YCL037C	0.95423	0	179	788	943
YPL010W	YDR373W	0.95416	0	54	227	292
YPR190C	YDR195W	0.95389	0	62	597	292
YML105C	YKL048C	0.95374	0	70	374	790
YGR274C	YIL021W	0.95342	0	176	930	606
YCR052W	YBR278W	0.95331	1	59	397	295
YJR045C	YNL330C	0.95312	0	217	934	1022
YDR127W	YML121W	0.95298	1	101	622	399
YDR227W	YHR191C	0.95263	0	49	114	647
YNL215W	YJL183W	0.95183	1	101	347	612
YOR008C	YLR085C	0.95141	0	42	200	754
YKL045W	YLR039C	0.9514	0	68	233	1039
YMR186W	YJR125C	0.9509	0	89	1182	261
YLR089C	YMR043W	0.95058	0	58	424	391
YNL081C	YER086W	0.95008	0	20	445	239
YJR093C	YDL111C	0.94999	0	57	477	202
YBR070C	YMR186W	0.94979	0	96	301	1182
YBR111W-A	YNL243W	0.94944	0	126	409	910
YGR006W	YDL148C	0.94862	0	52	420	313
YLR222C	YOR294W	0.94762	0	31	299	202
YML098W	YBR087W	0.94664	0	72	395	289
YKL042W	YDR172W	0.9465	0	95	315	859
YHR200W	YMR268C	0.94633	0	103	813	566
YDR045C	YJR082C	0.94625	0	44	285	260
YOR189W	YMR186W	0.94607	0	88	284	1182
YCL028W	YDR138W	0.94568	0	18	115	141
YMR284W	YAR014C	0.94548	0	43	343	343
YDL217C	YLR393W	0.94513	0	77	573	357
YJR093C	YML126C	0.94378	0	75	477	265
YMR117C	YDR164C	0.94349	0	58	545	304
YJL115W	YNL041C	0.94331	0	136	634	524
YLR096W	YOR122C	0.94323	0	54	199	728
YHR119W	YIR008C	0.94297	1	90	449	317
YMR060C	YDR369C	0.94276	0	60	319	359
YLR386W	YGR119C	0.94271	0	58	346	484
YDR510W	YDR382W	0.94263	0	76	692	372
YFR052W	YHR178W	0.94187	1	121	485	665
YDR356W	YBR198C	0.9418	0	99	298	836
YLR360W	YNL084C	0.94168	0	69	371	338
YCR002C	YNR053C	0.94162	0	88	555	397
YNL004W	YOR362C	0.94081	0	35	198	458
YBR156C	YNL298W	0.94078	0	97	331	725
YDR188W	YBL020W	0.9407	0	114	695	525
YAL010C	YGR229C	0.94055	0	82	352	551
YFL002C	YDL102W	0.94027	0	143	663	667
YOR249C	YGL207W	0.94018	0	90	630	307
YPL020C	YHL020C	0.94005	0	47	447	462
YPL069C	YJR141W	0.9397	0	109	1013	327
YOR123C	YDR189W	0.93948	0	82	468	325
YPR120C	YJL128C	0.9392	0	61	319	493
YKL059C	YJL034W	0.9386	0	46	237	634
YIL033C	YFR010W	0.93859	0	97	359	631
YJR054W	YGL066W	0.93806	0	76	408	678
YCL032W	YPR181C	0.93783	0	112	727	504
YOR026W	YMR201C	0.93753	0	79	696	385
YPL013C	YJR089W	0.93749	0	36	130	965
YLR015W	YDR331W	0.93734	0	120	470	658
YAR007C	YBL031W	0.93665	0	32	316	300
YJL029C	YMR213W	0.93657	0	64	704	297
YJL031C	YDL143W	0.9364	1	87	717	345
YCR053W	YPR089W	0.93633	0	61	761	245
YBR175W	YLR032W	0.93567	1	68	326	255
YPL124W	YAR002W	0.93534	0	48	195	376
YBR070C	YPR162C	0.93504	0	55	301	324
YOR358W	YLR052W	0.93478	1	61	422	373
YBL034C	YER110C	0.93449	0	92	784	340
YOR183W	YDR021W	0.93427	0	16	142	312
YPL047W	YFL034C-B	0.93415	0	217	382	1725
YER092W	YEL013W	0.93388	0	81	456	328
YHL020C	YPR051W	0.93374	0	64	462	263
YGL215W	YDL033C	0.93359	0	46	228	528
YBL052C	YOL081W	0.93339	1	81	190	978
YOR123C	YGL167C	0.93303	0	156	468	825
YNL049C	YMR312W	0.93302	0	47	158	455
YJR093C	YGL151W	0.93287	0	84	477	600
YGR274C	YDL035C	0.93263	0	119	930	675
YLR119W	YGL255W	0.93224	0	40	596	181
YBL051C	YOL004W	0.93118	0	137	314	1134
YDR372C	YBL017C	0.93061	1	42	216	200
YDR217C	YDR150W	0.93055	0	63	459	438
YER151C	YML103C	0.92983	0	219	1139	586
YER151C	YML103C	0.92983	1	219	1139	586
YGL012W	YCL037C	0.92971	0	73	267	943
YNL271C	YKR024C	0.92961	0	64	443	438
YNR041C	YDR062W	0.92956	0	49	318	615
YOR311C	YNL025C	0.92911	0	54	460	397
YNL243W	YDR448W	0.92831	0	82	910	296
YER157W	YOL145C	0.92826	0	83	1015	188
YLL013C	YMR200W	0.92821	0	96	1927	294
YJR002W	YJR123W	0.9278	0	20	102	107
YKL176C	YMR026C	0.9276	0	48	292	245
YBR109C	YHR135C	0.92723	0	118	982	469
YJL125C	YHR200W	0.92682	0	86	293	813
YNL061W	YGL001C	0.92666	0	94	772	278
YBR123C	YOR048C	0.92665	0	45	191	488
YPR182W	YEL020C	0.92645	0	44	566	135
YJR006W	YER178W	0.92635	1	65	469	475
YDR208W	YLR045C	0.92617	0	83	313	600
YOL135C	YDR146C	0.92605	0	79	491	419
YDL007W	YMR005W	0.92601	0	43	333	251
YAL024C	YOR048C	0.92597	0	87	590	488
YAL026C	YBL074C	0.92577	0	76	596	307
YCL052C	YCL032W	0.9253	0	48	248	727
YMR186W	YOR191W	0.92516	0	60	1182	191
YNL252C	YGR195W	0.92494	0	46	498	273
YML128C	YLR360W	0.92484	0	100	600	371
YLR371W	YER061C	0.92466	0	108	793	493
YGR251W	YNL308C	0.92464	0	78	307	298
YPL233W	YDL220C	0.92431	0	97	367	778
YDR075W	YER092W	0.92427	0	81	361	456
YNL272C	YLL006W	0.92419	1	102	374	637
YOL018C	YER118C	0.92414	0	83	632	280
YIL021W	YJL138C	0.92347	1	70	606	337
YER161C	YBR102C	0.92306	0	50	296	312
YJL092W	YLR310C	0.92293	0	54	562	493
YKL144C	YHR167W	0.9229	0	62	463	398
YJR013W	YKL059C	0.92239	0	22	164	237
YFR050C	YGR281W	0.92205	0	51	419	472
YPL018W	YPL020C	0.92201	0	56	309	447
YNL002C	YLR222C	0.9219	0	50	403	299
YIL027C	YML094W	0.92148	0	37	186	594
YOR224C	YGR270W	0.92106	0	61	211	572
YHR164C	YBL016W	0.92102	0	99	564	415
YBR002C	YHL023C	0.92094	0	46	379	369
YDR146C	YKL206C	0.92034	0	37	419	168
YOR039W	YGR174C	0.92012	0	60	502	275
YOR048C	YKR082W	0.92003	0	96	488	545
YGL173C	YML017W	0.92	0	90	805	307
YHR041C	YDR245W	0.91971	1	185	651	766
YHR154W	YER040W	0.91949	0	71	422	414
YJL011C	YBL052C	0.91943	0	19	205	190
YGL174W	YNL181W	0.91865	0	121	381	1033
YML008C	YLR115W	0.91816	0	116	602	522
YMR076C	YDR363W-A	0.91739	0	86	382	493
YOR358W	YGL253W	0.91718	1	51	422	277
YOR089C	YPR191W	0.91625	0	64	580	408
YCR052W	YBR202W	0.91617	1	69	397	402
YOR326W	YMR240C	0.91561	0	46	654	235
YCR077C	YFL029C	0.91493	0	92	1165	246
YHR067W	YGR081C	0.91488	0	56	457	374
YEL050C	YGL092W	0.91484	0	54	487	272
YBR118W	YJR136C	0.9145	0	23	333	211
YDR159W	YLR060W	0.91415	0	75	896	228
YMR078C	YDR532C	0.91384	0	53	526	119
YJL136C	YJR043C	0.91337	0	79	360	454
YLR417W	YAL026C	0.91328	0	35	148	596
YOR189W	YGR200C	0.91312	1	83	284	517
YBR103W	YDR087C	0.91296	1	72	484	450
YDR167W	YNL061W	0.91282	1	85	283	772
YBR102C	YDR167W	0.91217	0	42	312	283
YDR233C	YDR238C	0.91186	0	54	173	652
YDL020C	YDL226C	0.91137	0	80	778	248
YKR068C	YDR049W	0.91102	0	100	486	422
YEL003W	YPL231W	0.91092	0	79	586	373
YGL030W	YKL172W	0.91065	0	32	92	202
YAL040C	YJR066W	0.91021	0	61	281	439
YLR096W	YNL267W	0.90945	0	26	199	248
YCR034W	YBR030W	0.90924	0	28	536	104
YJL054W	YBR221C	0.90889	1	22	262	357
YLR021W	YIL150C	0.9086	0	45	270	358
YDR195W	YNL136W	0.90859	0	104	292	723
YKL095W	YDR404C	0.90845	0	42	361	352
YFL024C	YLR117C	0.9084	0	23	200	279
YIL030C	YLR418C	0.90761	1	65	242	980
YML126C	YAL038W	0.90749	0	41	265	273
YER052C	YCR009C	0.90738	0	86	289	1002
YJL136C	YLL006W	0.90716	0	73	360	637
YBL074C	YBL035C	0.90711	0	54	307	407
YGR195W	YJL010C	0.90698	0	35	273	230
YGR211W	YIL160C	0.90682	0	22	272	270
YMR200W	YER012W	0.90648	1	38	294	293
YJL004C	YLR337C	0.90624	1	128	392	636
YDR432W	YJR139C	0.90623	0	117	1122	507
YJR011C	YDL077C	0.90622	0	85	335	1239
YOL135C	YNL273W	0.90606	0	72	491	311
YFR052W	YCL017C	0.9051	0	81	485	403
YDR457W	YPL226W	0.90493	1	128	684	574
YHR024C	YOR116C	0.9044	0	29	276	268
YNL199C	YDR254W	0.90434	0	48	363	216
YLR002C	YMR190C	0.90421	0	49	245	555
YDR356W	YLR089C	0.9041	0	45	298	424
YDL035C	YOR116C	0.90405	0	47	675	268
YIL039W	YNL051W	0.90394	0	82	214	548
YMR234W	YDR334W	0.90378	0	39	109	644
YDL098C	YLR039C	0.90362	0	93	218	1039
YDL008W	YKL056C	0.90361	0	52	671	210
YMR275C	YLL036C	0.90312	0	39	230	500
YER157W	YPL042C	0.90265	0	119	1015	375
YKL119C	YNL216W	0.90264	0	83	225	688
YNL294C	YNL273W	0.90245	0	69	394	311
YBR289W	YMR039C	0.90213	0	105	485	431
YLR340W	YNL207W	0.9016	0	31	332	206
YJR042W	YDL213C	0.90112	0	32	238	226
YNL216W	YNL206C	0.90107	0	56	688	169
YPL146C	YLR320W	0.90104	0	75	246	1059
YJL125C	YBR081C	0.90038	0	21	293	219
YPL022W	YOR279C	0.90011	0	10	479	99
YBR245C	YHR196W	0.90008	0	120	1818	334
YDL058W	YKL213C	0.89992	0	84	306	696
YLR386W	YFR037C	0.89991	0	55	346	477
YOL040C	YDR182W	0.89988	1	57	181	961
YGR166W	YDR245W	0.89936	0	121	336	766
YDL148C	YKL049C	0.89928	0	47	313	371
YER107C	YKL069W	0.89928	1	94	308	355
YPR161C	YOR156C	0.89921	0	67	1101	211
YHR008C	YNL216W	0.89917	0	37	226	688
YLR262C	YOR116C	0.89857	0	87	926	268
YPL094C	YPL240C	0.89853	0	176	463	1575
YJL095W	YER148W	0.89838	0	72	809	302
YCR020W-B	YMR112C	0.89814	0	30	117	454
YGR188C	YDL138W	0.8981	0	39	716	181
YNL127W	YDR359C	0.89809	0	41	254	474
YIR011C	YPL093W	0.89801	0	45	392	339
YCR034W	YPL211W	0.89792	0	48	536	334
YKL021C	YDL168W	0.89786	0	29	538	159
YAR003W	YLR024C	0.8978	0	120	546	437
YDR191W	YER016W	0.89756	0	31	95	549
YNL278W	YKL095W	0.89648	1	26	108	361
YDL156W	YCR003W	0.89642	0	32	688	176
YOR048C	YMR229C	0.8963	0	52	488	351
YIR010W	YLR288C	0.89613	0	40	644	164
YOL012C	YNL172W	0.89561	0	103	607	501
YBR184W	YPL082C	0.89513	0	14	76	414
YJL081C	YDL149W	0.89511	0	47	668	262
YLR330W	YPL235W	0.89506	0	77	427	480
YBR159W	YML115C	0.89496	0	15	156	294
YPL228W	YDL029W	0.89479	0	71	502	385
YCR093W	YMR267W	0.89413	0	44	343	415
YJR102C	YOR002W	0.894	0	21	106	338
YJR042W	YOR232W	0.89362	0	33	238	338
YOR181W	YDR432W	0.89338	0	173	737	1122
YFR037C	YPR112C	0.89331	0	46	477	284
YER093C-A	YLR091W	0.8933	0	21	314	160
YHR101C	YJR059W	0.89329	0	48	271	703
YDL043C	YGL127C	0.89307	0	59	312	354
YGR195W	YNL001W	0.893	0	45	273	278
YHR082C	YJL101C	0.89283	0	42	459	394
YGR264C	YLR007W	0.89271	0	31	298	259
YDR276C	YBR274W	0.89245	0	58	508	420
YBR171W	YJR144W	0.89241	0	63	582	255
YGL115W	YDR153C	0.89192	0	56	660	181
YOR043W	YLL050C	0.89152	0	80	366	491
YDL074C	YIR023W	0.89149	0	143	785	571
YMR112C	YDR468C	0.89113	0	66	454	292
YPR112C	YGL045W	0.89096	1	57	284	466
YDL160C	YPR152C	0.89081	1	228	3583	269
YPL022W	YGL155W	0.89081	0	33	479	226
YGR180C	YDR045C	0.89047	0	22	194	285
YKL021C	YDR247W	0.88986	0	30	538	206
YDR156W	YLR056W	0.88974	0	104	415	749
YJR117W	YDR276C	0.88968	0	83	360	508
YOR205C	YOR125C	0.88963	0	66	448	386
YLR024C	YKL160W	0.8896	0	76	437	382
YDR325W	YLR222C	0.88919	0	48	218	299
YPL037C	YDR062W	0.88919	0	32	168	615
YMR282C	YGL219C	0.88914	0	44	249	500
YNL099C	YGR113W	0.88889	0	81	254	706
YPL211W	YGR091W	0.88821	0	28	334	225
YKL214C	YBL003C	0.88771	0	27	272	306
YLR193C	YPR179C	0.88761	0	81	568	406
YDR320C	YBR126C	0.88759	0	66	380	467
YOR261C	YPR066W	0.88747	0	58	454	333
YLR060W	YNR038W	0.88745	0	22	228	255
YEL019C	YFL033C	0.88725	0	39	365	374
YMR223W	YER093C	0.887	0	97	460	626
YNL041C	YBR081C	0.88663	0	51	524	219
YNL025C	YCR065W	0.88639	0	73	397	297
YLR052W	YLR337C	0.88601	0	102	373	636
YAL048C	YKL032C	0.88536	0	52	333	563
YNL006W	YCR028C-A	0.88479	0	79	727	409
YGL253W	YGL011C	0.88477	0	47	277	376
YAL048C	YDR087C	0.88446	0	33	333	450
YHR134W	YGR092W	0.88403	1	65	209	903
YHR134W	YGR092W	0.88403	0	65	209	903
YBL031W	YBR034C	0.88397	0	45	300	396
YBR107C	YDL126C	0.88358	0	48	189	861
YML030W	YFL036W	0.8833	0	39	313	269
YIL150C	YHR020W	0.88313	0	27	358	211
YDL103C	YER012W	0.88311	0	44	417	293
YOR187W	YOR204W	0.88304	0	34	187	586
YDL147W	YGL240W	0.88271	0	66	608	226
YIL076W	YIL115C	0.88264	0	45	543	237
YEL050C	YDR079C-A	0.88251	0	54	487	212
YAL025C	YMR298W	0.88237	1	32	324	220
YLR291C	YNL098C	0.88222	0	24	301	441
YKL145W	YGL014W	0.88201	0	59	628	220
YBR009C	YNL197C	0.88125	0	90	695	530
YOL108C	YNL054W	0.88103	0	79	742	381
YER156C	YLR320W	0.88086	0	43	152	1059
YDL104C	YCR005C	0.88052	0	11	175	106
YDL006W	YJR138W	0.88004	0	65	822	230
YOL001W	YNL025C	0.87979	0	94	547	397
YCR034W	YOR187W	0.87958	0	30	536	187
YNL119W	YMR307W	0.87954	0	109	315	788
YNL154C	YER061C	0.87856	0	40	459	493
YJL092W	YNL308C	0.87855	0	53	562	298
YGR155W	YLL031C	0.87852	0	34	183	590
YBR087W	YEL051W	0.87844	0	54	289	406
YDL033C	YBR110W	0.87842	0	38	528	359
YGR270W	YPL138C	0.87782	0	46	572	147
YDL015C	YBR017C	0.87774	1	30	403	234
YKL145W	YKR018C	0.8776	0	34	628	135
YDR394W	YDR181C	0.87753	0	23	418	162
YDL108W	YNR023W	0.87752	0	37	544	131
YPL233W	YGL045W	0.87729	0	54	367	466
YDR443C	YDR013W	0.87724	1	66	295	286
YMR256C	YJR118C	0.87715	0	61	310	679
YDL107W	YOR341W	0.87689	0	32	149	454
YER165W	YNL178W	0.87657	0	105	627	284
YPR162C	YBR029C	0.87613	0	35	324	239
YOR008C-A	YMR060C	0.87562	0	14	109	319
YDL229W	YOR187W	0.87537	0	41	787	187
YPL181W	YPR046W	0.87474	0	41	378	225
YAL025C	YFR040W	0.8742	0	37	324	338
YGR251W	YGR006W	0.87388	1	61	307	420
YMR154C	YLR393W	0.87383	0	53	383	357
YKL052C	YCL005W-A	0.8737	0	66	294	446
YLR024C	YER116C	0.87369	1	77	437	499
YKL004W	YLR393W	0.87368	0	23	193	357
YBR170C	YHL023C	0.87352	0	43	249	369
YJL117W	YDR162C	0.87345	0	83	269	701
YKL204W	YMR039C	0.87344	1	64	365	431
YPR110C	YDL028C	0.87341	0	45	213	617
YJL125C	YOL144W	0.87336	0	24	293	149
YDR054C	YLR340W	0.8733	0	46	440	332
YLR015W	YLR190W	0.87269	0	109	470	391
YJL034W	YPL181W	0.87266	0	88	634	378
YNL308C	YCR016W	0.8722	0	29	298	187
YER061C	YNR018W	0.87204	0	30	493	134
YOL135C	YGL049C	0.87144	0	28	491	110
YMR277W	YNL299W	0.87128	0	52	583	207
YPL237W	YLR175W	0.8702	0	35	131	287
YDR381W	YGR047C	0.87	0	39	469	132
YDR006C	YLR026C	0.86816	0	42	183	488
YDR052C	YOR334W	0.86769	0	40	813	169
YDR177W	YNL088W	0.86767	0	37	152	221
YDL058W	YHR119W	0.8673	0	72	306	449
YER031C	YER005W	0.86699	0	25	300	96
YDR217C	YLR193C	0.86645	0	65	459	568
YOR236W	YOR281C	0.86636	0	12	465	53
YPR164W	YCR065W	0.86615	0	52	250	297
YGL116W	YLR457C	0.86605	0	36	994	89
YGR140W	YLR131C	0.8652	0	47	336	417
YNL084C	YOR168W	0.86506	0	35	338	255
YOR033C	YKL021C	0.86493	0	19	189	538
YLR291C	YNL079C	0.86492	0	56	301	677
YBL056W	YDR182W	0.86489	0	36	145	961
YDL145C	YBR121C	0.86479	0	55	589	160
YHR069C	YPL022W	0.86468	1	36	265	479
YHR051W	YJL133C-A	0.86467	0	30	419	131
YGR216C	YKL042W	0.86465	0	16	144	315
YCR052W	YJL160C	0.86461	0	32	397	308
YGL016W	YOL023W	0.86455	0	21	266	284
YPL209C	YPL157W	0.86432	0	90	494	494
YPL240C	YGL114W	0.86413	0	60	1575	165
YLR350W	YBL008W	0.86404	0	116	546	492
YER118C	YLR045C	0.86393	0	65	280	600
YGR277C	YOR080W	0.8638	0	45	250	666
YJR070C	YLR061W	0.86342	0	38	241	385
YDR172W	YPL068C	0.86313	0	34	859	91
YBL074C	YPR105C	0.86236	0	74	307	582
YDR404C	YLR008C	0.8615	0	26	352	199
YOR350C	YHR041C	0.86144	0	43	252	651
YJR032W	YDR398W	0.86101	0	45	341	282
YFL008W	YDL208W	0.86088	0	36	431	246
YIL153W	YGL100W	0.8606	0	39	272	375
YJL115W	YKL028W	0.86056	0	51	634	170
YDR394W	YOR160W	0.86049	0	36	418	274
YHR177W	YDR060W	0.86002	0	26	362	438
YPR085C	YNL251C	0.85988	0	45	545	259
YDR302W	YOL013C	0.85986	1	47	707	153
YNL091W	YGL001C	0.85971	0	55	429	278
YJR084W	YOL049W	0.85915	0	21	604	128
YGL195W	YEL012W	0.8586	0	28	453	104
YCL032W	YDR067C	0.85854	0	53	727	225
YML041C	YIL142W	0.85841	0	98	714	252
YCL017C	YJL138C	0.85832	0	45	403	337
YMR115W	YAR003W	0.85791	0	40	194	546
YDL105W	YNL071W	0.85784	0	62	798	327
YMR202W	YDR224C	0.8578	0	36	439	394
YMR267W	YML048W	0.85724	0	51	415	319
YOR260W	YOR027W	0.85715	1	62	369	306
YBL079W	YNL110C	0.85713	0	42	429	223
YOR025W	YJL019W	0.85693	0	18	289	196
YDL207W	YGR245C	0.85683	0	38	448	250
YDR478W	YER112W	0.85678	0	38	463	187
YBR128C	YBL050W	0.85657	0	32	157	402
YIL017C	YBR036C	0.85625	1	42	170	962
YPL266W	YGL238W	0.85617	0	26	259	239
YPR086W	YAL019W	0.85605	0	24	396	195
YBL031W	YFR027W	0.856	0	25	300	129
YCR086W	YPR108W	0.85588	0	95	461	482
YKR042W	YLR086W	0.85569	0	30	225	328
YDL116W	YDL083C	0.85555	0	36	343	270
YLR048W	YDL248W	0.85536	0	27	326	320
YDL020C	YJL039C	0.85519	0	83	778	317
YJR118C	YBL031W	0.85518	0	62	679	300
YCR002C	YDR489W	0.85503	0	28	555	164
YOR116C	YER147C	0.855	0	30	268	330
YMR294W	YPR183W	0.85453	0	73	427	478
YGL071W	YGR119C	0.85373	0	44	306	484
YKL073W	YPL101W	0.85345	1	65	371	419
YGR058W	YBL050W	0.85311	0	45	235	402
YPL002C	YDR369C	0.85304	0	34	119	359
YHR021C	YHR081W	0.85288	0	71	369	454
YKR082W	YGL255W	0.85247	0	32	545	181
YKR065C	YDR123C	0.85223	0	56	255	497
YGR065C	YNL080C	0.85208	0	45	226	732
YLR306W	YOR174W	0.85192	0	24	132	550
YBL017C	YKL021C	0.85157	0	31	200	538
YGR178C	YNL169C	0.85155	0	44	243	473
YPL232W	YDR137W	0.8508	0	31	131	520
YDL132W	YFR027W	0.8507	0	30	490	129
YER149C	YPR085C	0.85037	0	44	143	545
YBL089W	YGR260W	0.85028	0	20	185	293
YLR242C	YHR166C	0.85019	0	93	509	500
YMR186W	YKR010C	0.85004	0	50	1182	149
YEL050C	YML051W	0.84982	0	34	487	221
YOL111C	YDL190C	0.84981	0	46	328	216
YLR459W	YMR039C	0.84969	0	116	582	431
YMR033W	YAR007C	0.84878	0	51	325	316
YBL016W	YGR163W	0.8487	0	31	415	219
YBL009W	YER016W	0.84867	0	33	185	549
YPR112C	YIL017C	0.84843	0	24	284	170
YML124C	YIL133C	0.84823	0	27	221	345
YMR205C	YPL086C	0.84806	0	52	392	503
YJR117W	YGL066W	0.84791	0	83	360	678
YDL013W	YBR101C	0.84778	0	29	863	99
YGL027C	YLR386W	0.84766	0	37	200	346
YPL028W	YHR114W	0.84764	0	25	255	200
YPL256C	YMR190C	0.84677	0	67	354	555
YER178W	YLR395C	0.84636	0	32	475	176
YBL050W	YCR079W	0.84627	0	38	402	218
YKL046C	YGL005C	0.84573	0	21	91	358
YGL219C	YOL084W	0.84572	0	18	500	85
YEL055C	YDL115C	0.84548	0	56	381	276
YOR124C	YJL029C	0.84547	0	35	146	704
YDR046C	YGL168W	0.8452	0	23	162	562
YOL077C	YCL031C	0.84461	0	29	268	96
YGR105W	YOR140W	0.84435	0	92	904	352
YNL082W	YOR132W	0.84418	0	35	238	492
YDR200C	YOR061W	0.84396	0	47	215	387
YMR296C	YKL166C	0.84377	0	57	632	315
YJL116C	YLR287C	0.8435	0	7	126	199
YBR135W	YDL133W	0.8434	0	26	631	159
YDL156W	YBR107C	0.84305	0	37	688	189
YJR042W	YBL035C	0.84246	0	51	238	407
YLR056W	YBL078C	0.8424	0	77	749	276
YKL160W	YPL151C	0.84196	0	30	382	222
YHR002W	YBL030C	0.84193	0	22	121	186
YGR245C	YNL038W	0.8411	0	31	250	273
YGR252W	YDL105W	0.84082	0	137	626	798
YGL233W	YIL115C	0.84076	0	34	255	237
YDL188C	YER083C	0.84063	0	47	157	970
YKL002W	YLR061W	0.84055	0	35	221	385
YHR021C	YKL127W	0.84032	0	35	369	170
YDL209C	YBR193C	0.84009	0	22	107	610
YMR047C	YIL106W	0.84004	0	63	479	314
YDR276C	YNL052W	0.83994	0	50	508	199
YJL138C	YNL197C	0.8399	0	48	337	530
YKL104C	YNL032W	0.83932	1	38	197	440
YPL254W	YLR350W	0.83926	1	65	198	546
YOR123C	YOR344C	0.83873	1	52	468	212
YLL004W	YBR118W	0.83848	0	28	246	333
YPR045C	YKL053C-A	0.83816	0	47	325	397
YNL219C	YPR181C	0.83807	0	30	281	504
YPR094W	YJL072C	0.838	0	19	224	195
YGR174C	YDR164C	0.8371	0	47	275	304
YNL097C	YDL173W	0.83647	0	30	836	105
YPL148C	YOR020C	0.83616	0	40	222	499
YML103C	YGR251W	0.83543	0	84	586	307
YHR013C	YFL009W	0.83527	0	64	328	598
YPR057W	YPL084W	0.83496	0	54	507	302
YOL023W	YLR027C	0.83483	0	18	284	198
YDL101C	YDR382W	0.8343	0	42	481	372
YEL032W	YKR092C	0.83418	0	39	391	241
YNL273W	YDR162C	0.83387	0	86	311	701
YOL067C	YNL221C	0.83365	0	54	458	330
YOL006C	YGR250C	0.83335	0	28	623	96
YDR484W	YMR299C	0.83323	0	52	420	286
YCR071C	YOR116C	0.83315	0	32	372	268
YOL002C	YJL014W	0.83294	0	16	303	260
YKR083C	YDL035C	0.83273	0	36	215	675
YKL027W	YOR068C	0.83236	0	25	160	301
YCL029C	YOR048C	0.83231	0	35	235	488
YJL062W	YGL081W	0.8318	0	32	381	149
YPR133C	YHL025W	0.83167	1	82	425	506
YMR035W	YHR077C	0.83144	0	38	299	329
YML028W	YOL034W	0.83114	1	61	584	210
YML028W	YOL034W	0.83114	0	61	584	210
YBR234C	YLL011W	0.83101	0	21	170	184
YFR024C-A	YDR288W	0.83078	0	22	220	414
YDR075W	YGR195W	0.83038	0	28	361	273
YER093C	YMR016C	0.83036	0	40	626	242
YNL172W	YIL115C	0.83031	0	41	501	237
YKL157W	YOL044W	0.83021	0	22	152	200
YPL231W	YKL204W	0.8299	0	49	373	365
YBR089C-A	YLR103C	0.82968	0	30	154	268
YDL130W	YKL144C	0.8296	0	37	213	463
YGR135W	YFL031W	0.82949	0	93	518	403
YDR288W	YLR154C-H	0.82932	0	36	414	127
YER110C	YPL007C	0.82931	0	18	340	175
YDR172W	YGR047C	0.82916	0	48	859	132
YCL061C	YOR360C	0.82906	0	102	447	624
YFL024C	YOR046C	0.82893	0	43	200	327
YIL153W	YMR275C	0.82886	0	30	272	230
YKR016W	YPL028W	0.82885	0	30	372	255
YMR312W	YFR031C-A	0.82861	0	74	455	345
YHL031C	YMR227C	0.8283	0	36	488	187
YIL150C	YPR110C	0.82823	0	27	358	213
YJR125C	YEL018W	0.8279	0	32	261	344
YOR293W	YOL038W	0.82763	0	37	329	273
YBR010W	YAL011W	0.82712	0	206	799	579
YHR051W	YJR070C	0.82705	0	24	419	241
YDR233C	YMR293C	0.8269	0	20	173	311
YJL102W	YBR009C	0.82687	0	43	292	695
YNL199C	YIL131C	0.82653	0	28	363	129
YGL084C	YER120W	0.82648	0	83	496	333
YHR040W	YOR295W	0.82615	0	33	201	167
YBR167C	YKR046C	0.82558	0	27	465	135
YIR006C	YMR304W	0.82549	0	45	644	202
YLR009W	YDL065C	0.82495	0	38	313	379
YHR083W	YFR004W	0.82492	0	47	94	1169
YJL154C	YJL039C	0.82491	0	54	426	317
YJR099W	YML024W	0.8249	0	13	120	116
YPR046W	YOR068C	0.82485	0	23	225	301
YDL209C	YNL245C	0.82473	1	39	107	389
YJL165C	YDR075W	0.82456	0	36	205	361
YHL025W	YLR370C	0.82404	0	73	506	370
YFL003C	YGR231C	0.82402	0	41	275	509
YNL269W	YGL027C	0.82351	0	13	137	200
YDR181C	YER111C	0.82336	0	67	162	647
YLR075W	YOL127W	0.82335	0	56	384	94
YML069W	YDR079C-A	0.82274	0	60	686	212
YMR290C	YCL005W-A	0.82273	0	39	319	446
YBL031W	YLR015W	0.82229	0	54	300	470
YDL074C	YKL121W	0.82204	0	39	785	128
YOL090W	YLR383W	0.822	0	36	316	198
YNL199C	YDL001W	0.8218	0	39	363	151
YDL042C	YNL252C	0.82171	0	55	361	498
YJR064W	YHR079C	0.82141	0	37	212	471
YBR111C	YML008C	0.82137	0	42	153	602
YOR117W	YJR097W	0.82133	0	37	623	130
YDR155C	YDR138W	0.82123	0	11	157	141
YNL107W	YPL139C	0.82115	0	101	435	270
YDR197W	YNL061W	0.82078	0	32	141	772
YNR016C	YGL073W	0.82073	1	49	271	407
YMR022W	YDR478W	0.8205	0	30	247	463
YPR094W	YNL288W	0.82021	0	27	224	217
YHR186C	YFL001W	0.82015	0	63	319	403
YGR140W	YMR025W	0.81997	0	22	336	146
YBR254C	YLR404W	0.81966	0	61	549	264
YGR009C	YLL049W	0.81935	0	49	193	450
YKL154W	YLR027C	0.8185	0	20	423	198
YDL102W	YKL081W	0.81811	0	86	667	342
YOR205C	YAL019W	0.81794	0	31	448	195
YOR089C	YDL148C	0.8179	0	50	580	313
YOR206W	YLR075W	0.81781	1	44	135	384
YDR395W	YOL145C	0.81749	0	24	167	188
YBR194W	YLR457C	0.81712	0	20	543	89
YJL165C	YGR229C	0.81707	1	49	205	551
YDL134C	YAL020C	0.81693	0	21	221	141
YDR512C	YJR121W	0.81691	0	35	245	193
YIL026C	YGL123W	0.81652	0	28	91	348
YBR126C	YMR275C	0.81626	0	40	467	230
YOR168W	YGL148W	0.81612	0	33	255	280
YLR272C	YGR253C	0.81591	0	29	233	170
YMR077C	YCR086W	0.81587	0	37	161	461
YLR096W	YOL076W	0.81564	0	13	199	172
YER111C	YMR154C	0.81554	0	119	647	383
YOR246C	YOL052C	0.81443	0	20	174	303
YOR020C	YAL025C	0.8138	0	59	499	324
YGR174C	YLR056W	0.81287	1	85	275	749
YLR350W	YKR027W	0.81283	0	47	546	180
YPR082C	YGL065C	0.8125	0	15	147	230
YOR233W	YHR066W	0.81236	0	29	287	299
YMR021C	YML023C	0.81229	0	50	270	444
YNR018W	YPL008W	0.81193	0	24	134	481
YCL044C	YDR382W	0.81188	0	40	343	372
YER091C	YGL115W	0.81154	1	42	143	660
YLR397C	YDR283C	0.81151	0	24	314	228
YPR181C	YHR099W	0.81148	0	51	504	258
YML067C	YNL037C	0.81146	0	17	157	254
YBR227C	YNL209W	0.81146	0	46	120	2061
YLR298C	YDR324C	0.8111	0	50	759	211
YBL084C	YNL135C	0.81065	0	45	401	304
YHR079C	YLR292C	0.80998	0	85	471	254
YHR079C	YLR292C	0.80998	1	85	471	254
YBR055C	YBR215W	0.80975	0	36	369	312
YPL093W	YML066C	0.80954	0	18	339	217
YOL005C	YHR196W	0.80937	0	49	383	334
YHR101C	YHR001W	0.80916	0	20	271	111
YDL248W	YJR035W	0.80904	0	9	320	148
YDL248W	YFL022C	0.80903	0	23	320	102
YGR006W	YLL014W	0.809	0	37	420	167
YOL149W	YGR009C	0.80892	0	52	386	193
YHR058C	YIL079C	0.80882	0	26	649	147
YOR080W	YGL036W	0.80881	0	35	666	185
YLR095C	YDR369C	0.80841	0	24	105	359
YPR061C	YDR381W	0.80839	0	22	177	469
YBL061C	YLL040C	0.80835	0	43	223	345
YGR200C	YPL262W	0.80751	0	81	517	423
YDR341C	YNL147W	0.80689	1	33	86	776
YNL270C	YNL041C	0.8064	0	13	63	524
YAL033W	YLR078C	0.8061	0	46	128	679
YJR126C	YBR275C	0.80592	0	6	63	113
YBL016W	YIL006W	0.80588	0	25	415	136
YPL016W	YER147C	0.80577	0	36	309	330
YJL204C	YJL104W	0.8056	0	26	214	438
YDR523C	YGR140W	0.80546	0	10	103	336
YGL141W	YNL153C	0.80529	0	31	76	822
YJR013W	YPR024W	0.8051	0	37	164	742
YBR057C	YPL076W	0.80506	0	61	324	597
YJR011C	YJR112W	0.80473	0	22	335	252
YKR038C	YHR167W	0.80458	0	16	113	398
YNL032W	YMR237W	0.80457	0	28	440	124
YGR215W	YBL105C	0.80437	0	30	98	1081
YDR060W	YNR049C	0.80437	0	27	438	135
YOR293W	YGL133W	0.80417	0	29	329	264
YOR201C	YIL022W	0.80372	0	9	155	85
YOL095C	YCR086W	0.80367	0	31	310	461
YJR140C	YOL090W	0.80353	0	62	355	316
YGL190C	YMR079W	0.80349	0	47	370	257
YNL006W	YOR321W	0.80344	0	28	727	147
YMR201C	YOR242C	0.80332	0	21	385	168
YPL051W	YGR206W	0.80332	0	59	421	155
YML072C	YER127W	0.80317	0	19	339	179
YPL120W	YMR275C	0.80311	0	51	482	230
YOL113W	YDR017C	0.80263	0	18	132	280
YMR301C	YDL107W	0.80259	0	11	98	149
YLL035W	YER061C	0.80236	0	37	204	493
YGL211W	YDL082W	0.80214	0	51	310	324
YOL066C	YNL242W	0.80211	0	13	171	179
YNR007C	YBR029C	0.80191	0	22	318	239
YNL280C	YER171W	0.80173	0	37	352	186
YPL180W	YJR143C	0.80173	0	9	198	140
YIL107C	YLR115W	0.80122	0	37	173	522
YGL025C	YMR277W	0.80118	0	53	186	583
YGL043W	YLR021W	0.80102	0	68	584	270
YOL077C	YKR035W-A	0.80097	0	22	268	261
YLR288C	YOR068C	0.8007	0	25	164	301
YNL216W	YDR236C	0.80045	0	44	688	206
YNL232W	YCR054C	0.79976	0	25	438	81
YBR221C	YAR002W	0.79945	0	38	357	376
YGR063C	YDL220C	0.79903	0	77	241	778
YIR010W	YDR236C	0.79892	0	41	644	206
YOR014W	YER118C	0.79858	1	52	439	280
YPL122C	YOL149W	0.79831	0	41	161	386
YJL165C	YJR065C	0.79824	0	43	205	791
YPR085C	YLR153C	0.79806	0	56	545	331
YOL084W	YDL090C	0.79778	0	6	85	240
YDR182W	YDR204W	0.79765	0	43	961	117
YFR008W	YJR059W	0.79723	1	47	188	703
YHR156C	YFL029C	0.79708	0	12	113	246
YFR003C	YHR166C	0.79632	0	45	159	500
YBL056W	YMR060C	0.79606	0	16	145	319
YEL032W	YLR226W	0.79595	0	17	391	60
YOL126C	YMR215W	0.79564	0	25	166	198
YBR101C	YPL022W	0.79555	0	15	99	479
YLL015W	YDR052C	0.79541	0	26	119	813
YOR132W	YKL053C-A	0.79492	0	52	492	397
YGR057C	YLR243W	0.79449	0	27	159	191
YCR003W	YCL001W-B	0.79439	0	9	176	104
YOR360C	YPR074C	0.79438	0	39	624	207
YIL134C-A	YGL241W	0.79425	0	14	72	106
YNL271C	YLR227C	0.79409	0	22	443	181
YBR010W	YBR065C	0.79398	0	35	799	173
YOR223W	YJL183W	0.79342	0	15	68	612
YGL153W	YDR389W	0.79334	0	25	205	497
YOL002C	YHR012W	0.79332	0	32	303	395
YDL047W	YGL107C	0.79301	0	11	184	223
YDR227W	YGL255W	0.79271	0	10	114	181
YKR084C	YPR042C	0.79266	0	42	146	1157
YDR393W	YLR060W	0.7926	0	20	287	228
YJL203W	YPR074C	0.79259	0	26	327	207
YJL030W	YGR240C	0.79212	0	36	380	254
YPL109C	YPR036W	0.79209	0	13	186	421
YBL015W	YJR101W	0.79209	0	6	143	131
YGR009C	YER162C	0.79208	0	33	193	431
YGL136C	YDR012W	0.79183	0	33	549	206
YHR062C	YOR181W	0.79179	0	61	197	737
YDL122W	YBR055C	0.79166	0	25	195	369
YGR016W	YLR310C	0.79164	0	15	125	493
YLR005W	YML030W	0.79146	0	52	465	313
YNL047C	YLR267W	0.79142	0	14	155	91
YNL121C	YMR256C	0.79131	1	26	281	310
YLR083C	YMR010W	0.79096	1	10	81	122
YIL097W	YJL183W	0.79065	0	62	265	612
YKR081C	YIL016W	0.79053	0	54	440	198
YNL064C	YGR209C	0.78969	0	52	890	163
YPL084W	YIR008C	0.78956	1	33	302	317
YGR229C	YMR135C	0.78914	0	33	551	136
YOR191W	YKL032C	0.78878	0	51	191	563
YDL058W	YNR017W	0.78841	0	30	306	347
YMR052W	YER086W	0.78836	0	15	255	239
YLR452C	YGL235W	0.78822	0	37	412	370
YOR213C	YCL061C	0.78806	0	37	83	447
YFR053C	YFL016C	0.788	0	4	90	67
YIL027C	YDR479C	0.78783	0	19	186	161
YPL241C	YBL088C	0.78734	0	15	259	171
YPL085W	YGL190C	0.78726	0	55	319	370
YNL243W	YDL080C	0.78724	0	29	910	108
YDL130W	YPL060W	0.78722	0	12	213	137
YMR264W	YCL010C	0.78721	0	38	173	557
YMR033W	YFR019W	0.78716	0	53	325	383
YMR094W	YPL204W	0.78716	0	43	193	584
YGR038W	YGR135W	0.78696	0	27	130	518
YPR105C	YER142C	0.78691	0	26	582	113
YHR040W	YML046W	0.78665	0	14	201	117
YFR009W	YDL138W	0.7866	0	23	337	181
YBL052C	YPL128C	0.78637	0	26	190	295
YCR046C	YCR071C	0.78613	1	45	267	372
YGR090W	YLR009W	0.78536	0	30	145	313
YGR033C	YDL008W	0.78501	0	21	170	671
YBR057C	YGL123W	0.78466	0	47	324	348
YNL149C	YPR048W	0.78423	0	16	240	143
YJL128C	YPL231W	0.78418	0	73	493	373
YNL154C	YDR392W	0.78337	0	60	459	498
YDR359C	YOR232W	0.78323	0	52	474	338
YAL033W	YDR527W	0.78263	0	22	128	191
YDL084W	YPR042C	0.78259	0	65	226	1157
YHR177W	YDL215C	0.78234	0	12	362	142
YGR188C	YOL052C	0.78155	0	80	716	303
YIL147C	YLR190W	0.78152	0	39	165	391
YGR229C	YBR101C	0.78121	0	25	551	99
YPL124W	YDR128W	0.78106	0	18	195	311
YMR273C	YCR052W	0.78084	0	33	185	397
YLR243W	YPL231W	0.78076	0	34	191	373
YOR073W	YLR119W	0.78072	0	43	125	596
YNL094W	YPR024W	0.78014	0	38	115	742
YFR024C-A	YKL002W	0.77989	0	13	220	221
YLR421C	YJL104W	0.77937	0	26	102	438
YGL071W	YLR026C	0.77925	0	47	306	488
YGR056W	YLR150W	0.77921	0	38	279	356
YDR044W	YDR320C	0.77895	0	40	226	380
YDR320C	YKL109W	0.77873	0	38	380	280
YDR524C-B	YDR307W	0.77839	0	19	137	120
YOR368W	YLR314C	0.77795	0	44	221	774
YNL071W	YDR400W	0.77791	0	11	327	61
YDR440W	YPL036W	0.77773	0	21	299	369
YBL085W	YGL061C	0.77741	0	25	149	430
YBR009C	YDR148C	0.7771	0	59	695	352
YOR061W	YNR053C	0.77699	0	41	387	397
YIR009W	YBR088C	0.77698	0	25	77	448
YNL052W	YPL144W	0.77667	0	29	199	328
YBL021C	YIR006C	0.77654	0	76	374	644
YGR185C	YLL045C	0.77638	0	27	218	338
YNL110C	YJR107W	0.77633	0	6	223	72
YKL009W	YBR110W	0.77622	0	53	455	359
YDL043C	YIL038C	0.77615	0	30	312	246
YPL039W	YKR020W	0.77603	1	43	285	538
YNR024W	YOR206W	0.77601	0	8	92	135
YJL013C	YHR027C	0.77599	0	31	147	691
YOR278W	YDL248W	0.77593	0	13	112	320
YLR078C	YBR179C	0.77575	0	22	679	137
YGR078C	YJL210W	0.7756	0	25	637	125
YNL248C	YOR198C	0.7753	0	129	481	1337
YNL248C	YOR198C	0.7753	1	129	481	1337
YBR126C	YDR233C	0.77521	0	27	467	173
YHR205W	YAL043C	0.77518	0	45	686	162
YML014W	YOL006C	0.77502	0	27	112	623
YNL290W	YDL182W	0.77465	0	14	95	137
YJL190C	YHR167W	0.77465	0	25	105	398
YHR193C	YOR244W	0.77441	0	87	282	923
YBL089W	YML103C	0.77379	0	36	185	586
YDR404C	YDR361C	0.77372	0	27	352	147
YHR107C	YML112W	0.77339	0	58	787	320
YJL085W	YNL242W	0.77326	0	40	520	179
YOR196C	YER048C	0.77321	0	52	425	283
YNL219C	YNL141W	0.77317	0	32	281	377
YOR017W	YDL028C	0.77292	0	43	190	617
YOR010C	YDL100C	0.77278	0	14	57	452
YPL115C	YDR173C	0.77253	0	5	187	43
YDR497C	YOL081W	0.77213	0	37	120	978
YOR141C	YMR165C	0.77181	0	73	489	211
YDR311W	YOR340C	0.77143	0	40	699	140
YKR026C	YLR200W	0.77119	0	46	170	726
YJR143C	YDL103C	0.77065	0	26	140	417
YNL169C	YGL059W	0.7705	0	13	473	141
YJL124C	YBR033W	0.77045	0	41	1037	113
YDR147W	YBR147W	0.77042	0	4	108	158
YJL115W	YIL118W	0.77001	0	61	634	238
YDR469W	YDR073W	0.77001	0	37	494	149
YDR432W	YJR007W	0.76991	0	91	1122	284
YDR050C	YEL050C	0.76943	0	24	124	487
YJL074C	YHR082C	0.76936	0	61	482	459
YER168C	YGR048W	0.76932	0	21	260	170
YDL028C	YGR184C	0.76926	0	55	617	226
YAL043C	YLR103C	0.76897	0	26	162	268
YLR138W	YHR023W	0.76871	0	6	102	217
YCR090C	YHR196W	0.76848	0	38	253	334
YCL032W	YKR092C	0.76806	0	51	727	241
YDL111C	YBR170C	0.76795	0	11	202	249
YJL125C	YBR164C	0.76773	0	41	293	413
YGL163C	YCR082W	0.76753	0	11	297	81
YKL021C	YLR166C	0.76723	0	37	538	205
YNL164C	YOL064C	0.76723	0	28	95	384
YPR160W	YGL215W	0.76717	0	29	274	228
YKR062W	YBL071W-A	0.76714	0	21	195	143
YML041C	YBR130C	0.76673	0	42	714	102
YPL031C	YAL012W	0.76665	0	36	631	213
YPR122W	YJR118C	0.76642	0	32	190	679
YDR381W	YDR308C	0.76636	0	39	469	158
YNL185C	YJL034W	0.76632	0	32	157	634
YJR141W	YLL008W	0.76613	0	22	327	186
YLR323C	YPL081W	0.76593	0	18	327	156
YDL135C	YPL174C	0.76593	0	23	123	550
YCR048W	YEL034W	0.76515	0	43	163	1027
YMR022W	YER177W	0.76508	0	46	247	472
YHR208W	YJL200C	0.76489	0	11	109	72
YKL053C-A	YMR146C	0.76425	0	50	397	358
YML024W	YJL005W	0.76385	0	15	116	200
YOL025W	YBR231C	0.7638	0	15	65	885
YKL106W	YDR377W	0.7638	0	8	116	50
YML053C	YOL009C	0.7632	1	24	108	396
YBR139W	YHR098C	0.76299	0	14	126	382
YLR370C	YNR016C	0.76287	0	29	370	271
YNR053C	YJL002C	0.76285	0	33	397	203
YGR238C	YPR046W	0.76267	0	15	156	225
YBR035C	YCL025C	0.76239	0	19	260	272
YLR079W	YCL043C	0.76188	0	46	704	297
YPL146C	YJL008C	0.76127	0	39	246	382
YBR160W	YBL075C	0.76119	0	44	1253	133
YLR238W	YEL018W	0.76089	0	34	210	344
YGR185C	YOR046C	0.76088	0	38	218	327
YMR224C	YER025W	0.76047	0	95	582	425
YJL013C	YJR035W	0.76015	0	11	147	148
YOR312C	YPL028W	0.76011	0	23	186	255
YLR116W	YDR382W	0.75984	0	29	259	372
YOL123W	YPR151C	0.75972	0	13	317	108
YDR069C	YKL215C	0.75948	0	9	275	53
YNL110C	YDR080W	0.75899	0	36	223	567
YKL104C	YNL152W	0.75886	0	25	197	196
YNL252C	YNL052W	0.75866	0	26	498	199
YLR332W	YPR069C	0.75848	0	16	214	312
YDR531W	YDR339C	0.75844	0	32	260	257
YFL036W	YML123C	0.75831	0	18	269	208
YGR275W	YAL024C	0.75815	0	32	108	590
YMR003W	YCR079W	0.75811	0	26	192	218
YMR208W	YPL010W	0.75727	0	14	95	227
YER162C	YNR061C	0.75712	0	5	431	81
YNL229C	YPR088C	0.75705	0	20	342	264
YAR002C-A	YBR200W	0.75689	0	38	167	504
YHL025W	YBR211C	0.75684	0	53	506	289
YDR405W	YOL077C	0.75655	0	14	151	268
YMR154C	YPL060W	0.75638	0	21	383	137
YMR215W	YOR030W	0.75602	0	19	198	259
YDR236C	YKL007W	0.75598	0	15	206	140
YDR399W	YOR048C	0.75571	0	47	234	488
YKL073W	YBR258C	0.75529	0	16	371	208
YNL308C	YIL144W	0.7547	0	30	298	298
YOR058C	YML121W	0.75467	0	54	274	399
YDL115C	YKL080W	0.75464	0	32	276	151
YOR125C	YMR030W-A	0.75462	0	17	386	172
YGL194C	YDR328C	0.75453	0	16	391	145
YNL086W	YBR282W	0.75443	0	9	115	289
YFL013C	YNL241C	0.75442	0	45	490	240
YJR017C	YCR003W	0.75435	0	48	995	176
YDL061C	YKR094C	0.75425	0	40	195	374
YML041C	YLR281C	0.75425	0	53	714	244
YNL025C	YOR036W	0.75423	0	14	397	118
YLR072W	YIL046W	0.75395	0	14	90	474
YJL081C	YDR079C-A	0.75385	0	55	668	212
YLR295C	YDL015C	0.75384	0	21	145	403
YOR362C	YJL049W	0.75322	0	39	458	190
YPR141C	YIL061C	0.75322	0	15	625	85
YDR016C	YJR132W	0.75291	0	9	353	76
YGR196C	YMR292W	0.75273	0	25	212	123
YFR052W	YDR097C	0.75272	0	26	485	107
YPR061C	YBL091C-A	0.75265	0	5	177	99
YOR125C	YLR370C	0.75249	0	47	386	370
YKL089W	YCR016W	0.75237	0	23	285	187
YMR003W	YOR149C	0.75228	0	30	192	323
YOR125C	YOR168W	0.75173	0	22	386	255
YPR074C	YOR246C	0.7517	0	20	207	174
YDR105C	YNL055C	0.75167	0	24	149	424
YJR041C	YPR135W	0.75158	0	36	156	604
YDR337W	YDL081C	0.75156	0	7	120	388
YMR294W	YGR033C	0.75142	0	28	427	170
YPL042C	YPL157W	0.75139	0	84	375	494
YDR213W	YOR039W	0.75137	0	19	125	502
YER153C	YOL001W	0.75128	0	43	212	547
YKR001C	YLR274W	0.75102	0	46	498	271
YBR194W	YGR285C	0.75083	0	24	543	128
YBR127C	YGL135W	0.7506	0	33	173	173
YJL149W	YDR189W	0.75055	0	12	78	325
YLR325C	YLR418C	0.7505	0	75	173	980
YJL030W	YAL017W	0.75047	0	16	380	116
YPR104C	YEL051W	0.7504	0	55	203	406
YOR236W	YLR292C	0.75039	0	40	465	254
YLR404W	YGL235W	0.75035	0	25	264	370
YDL192W	YER156C	0.75028	0	24	371	152
YDL053C	YHR041C	0.75028	1	31	140	651
YDR245W	YPL103C	0.75026	0	32	766	136
YPL217C	YOR171C	0.75018	0	24	434	150
YJL014W	YJL130C	0.7501	0	28	260	169
YLR026C	YER021W	0.75004	0	24	488	126
YOR167C	YNL061W	0.74978	0	37	119	772
YPR185W	YLR347C	0.74969	0	34	183	607
YGR283C	YDR246W	0.74962	0	24	87	550
YJL138C	YEL015W	0.74951	0	17	337	82
YMR284W	YPR089W	0.74921	1	22	343	245
YBL061C	YBR236C	0.74904	0	38	223	340
YNL106C	YCL043C	0.74898	0	37	186	297
YDL212W	YDL161W	0.74895	0	21	256	171
YOR244W	YOR086C	0.74892	0	33	923	115
YIR022W	YLR186W	0.74887	0	40	227	431
YHR041C	YOL102C	0.74877	0	50	651	230
YKL143W	YNL175C	0.74874	0	17	145	136
YDL248W	YFL025C	0.7483	0	47	320	386
YKL173W	YOR045W	0.74827	0	28	406	155
YGL253W	YOL023W	0.74818	0	27	277	284
YNL272C	YPR066W	0.74779	0	40	374	333
YLR227C	YML115C	0.74771	0	13	181	294
YHL020C	YLL035W	0.74768	0	33	462	204
YDR231C	YIL110W	0.74764	0	11	350	146
YGL014W	YDR359C	0.74757	0	50	220	474
YLR090W	YDR027C	0.74719	0	11	152	233
YNL098C	YLL001W	0.74662	0	42	441	207
YNL147W	YDR337W	0.74645	0	22	776	120
YAL011W	YDR308C	0.74622	0	52	579	158
YJL008C	YGL115W	0.74602	0	101	382	660
YOR217W	YDR235W	0.74597	0	13	274	80
YIL109C	YBR161W	0.74586	0	15	242	181
YGR089W	YPL084W	0.74577	0	36	278	302
YJL163C	YHR007C	0.74555	0	14	112	482
YMR037C	YOL081W	0.74518	0	79	171	978
YNL100W	YIL040W	0.74477	0	24	156	496
YLR455W	YEL026W	0.74462	0	17	68	166
YOR295W	YJR136C	0.74462	0	23	167	211
YGL086W	YNL068C	0.7443	0	46	431	182
YLR373C	YIL079C	0.74426	0	18	407	147
YJR097W	YIL137C	0.74424	0	20	130	249
YGL080W	YLR320W	0.74419	0	35	131	1059
YOL091W	YKL045W	0.74411	0	8	90	233
YNL070W	YOR009W	0.74372	0	10	170	80
YJL177W	YJR011C	0.74371	0	24	221	335
YOL119C	YLR393W	0.74334	0	18	135	357
YDL248W	YHR011W	0.74324	0	15	320	117
YJL092W	YNL185C	0.74294	0	22	562	157
YMR190C	YLR172C	0.7429	0	45	555	201
YIR025W	YOR269W	0.7428	0	16	66	360
YDR137W	YPL060W	0.74263	0	21	520	137
YPR089W	YER061C	0.74258	0	33	245	493
YMR202W	YOR165W	0.74253	0	26	439	116
YNR052C	YEL027W	0.74247	0	35	255	386
YDR449C	YDL029W	0.74238	0	28	218	385
YNR052C	YML072C	0.7423	0	31	255	339
YDR478W	YNL250W	0.74228	0	46	463	324
YJR090C	YJL183W	0.74214	0	19	97	612
YDR432W	YMR044W	0.74196	1	59	1122	176
YDR016C	YGR197C	0.74195	0	27	353	227
YNL189W	YOR370C	0.74186	0	58	396	373
YGR202C	YGR229C	0.74136	0	31	113	551
YLL014W	YJR120W	0.74116	0	24	167	304
YDR060W	YER146W	0.74096	0	12	438	63
YBL020W	YML111W	0.74065	0	28	525	231
YDR400W	YPR161C	0.74059	0	24	61	1101
YER042W	YEL051W	0.74032	0	18	121	406
YMR117C	YDR197W	0.74004	0	26	545	141
YDR145W	YPL140C	0.73966	0	37	738	138
YIR029W	YGL098W	0.73962	0	14	92	287
YLR278C	YIL084C	0.73949	0	52	155	788
YLR218C	YDR316W	0.73934	0	40	271	347
YLR342W	YJR055W	0.73901	1	16	504	64
YHR118C	YOL071W	0.73894	1	15	488	99
YIL150C	YOR067C	0.73778	0	33	358	234
YCR079W	YOR069W	0.73765	0	39	218	354
YDR320C	YLR066W	0.73764	0	27	380	119
YIL048W	YLR135W	0.73743	0	36	493	277
YML106W	YDR164C	0.73713	0	19	163	304
YKR081C	YLR272C	0.73711	0	27	440	233
YFR040W	YMR109W	0.73706	0	42	338	236
YLR275W	YCR037C	0.73664	0	17	717	80
YLR024C	YGR086C	0.73653	0	32	437	254
YBR107C	YER107C	0.7362	0	39	189	308
YJL117W	YGR284C	0.73614	0	57	269	287
YMR179W	YOR020C	0.73544	0	77	435	499
YDR484W	YIL146C	0.7353	0	37	420	237
YDR375C	YER009W	0.73514	0	19	214	402
YBR218C	YKL117W	0.73501	0	23	216	375
YPR088C	YIL038C	0.73406	0	18	264	246
YLL024C	YLR264W	0.73405	0	30	442	162
YMR095C	YOR072W-B	0.7337	0	5	51	111
YJL138C	YIL147C	0.73351	0	22	337	165
YLL026W	YNL241C	0.73315	0	45	449	240
YML063W	YDL017W	0.73278	0	37	230	448
YLR371W	YML052W	0.73237	1	47	793	132
YHL015W-A	YML003W	0.73234	0	6	49	76
YLR288C	YMR033W	0.7322	0	28	164	325
YOL008W	YPL094C	0.73219	0	40	215	463
YPL066W	YPL152W	0.73214	0	13	194	220
YLR383W	YOL097C	0.73153	0	23	198	229
YKL144C	YOR075W	0.73146	0	24	463	157
YGR181W	YDL207W	0.73143	0	30	172	448
YAR003W	YHR006W	0.73118	0	31	546	104
YPL167C	YDL035C	0.73115	0	17	134	675
YBR142W	YCL050C	0.73105	0	13	354	61
YMR154C	YDR518W	0.73009	0	20	383	153
YMR293C	YKR058W	0.72988	0	10	311	62
YER161C	YNL056W	0.72987	0	48	296	315
YML123C	YAL015C	0.72966	0	6	208	102
YFL009W	YPR022C	0.72949	0	26	598	136
YPR031W	YDL007W	0.72941	0	25	156	333
YGL124C	YPL011C	0.7294	0	46	425	259
YBR110W	YLL045C	0.7293	0	28	359	338
YDR145W	YOR128C	0.72924	0	25	738	91
YDR123C	YOL123W	0.72916	0	52	497	317
YDR479C	YJL062W-A	0.7288	0	11	161	194
YOR312C	YKL060C	0.72865	0	23	186	110
YLR005W	YGR048W	0.72839	0	36	465	170
YJL102W	YDR043C	0.72809	0	27	292	236
YBR068C	YDL142C	0.7275	0	19	91	535
YDR144C	YER167W	0.72731	0	15	106	242
YGL135W	YDL035C	0.72727	0	23	173	675
YDR231C	YGL211W	0.72667	0	30	350	310
YCL069W	YDL168W	0.72645	0	1	28	159
YFR021W	YLR242C	0.72625	0	42	193	509
YPL001W	YNL002C	0.72617	0	26	162	403
YLR429W	YAL048C	0.72602	0	15	176	333
YMR026C	YOL149W	0.72588	0	43	245	386
YKR081C	YPR154W	0.72579	0	11	440	117
YDR492W	YLR418C	0.72573	0	23	72	980
YNL082W	YBR247C	0.72551	0	16	238	242
YDR059C	YOR261C	0.7252	0	19	64	454
YPR048W	YPR083W	0.72516	0	9	143	194
YBL105C	YIR016W	0.7251	0	55	1081	190
YFR024C-A	YDL047W	0.72507	0	15	220	184
YKL046C	YKL073W	0.72501	0	12	91	371
YFL005W	YDR181C	0.72491	0	20	272	162
YIL144W	YGR277C	0.7249	0	28	298	250
YDL168W	YOR103C	0.72478	0	20	159	368
YPR082C	YMR272C	0.72432	0	37	147	1015
YKL022C	YMR230W	0.72428	0	17	165	213
YJL020C	YJR006W	0.72418	0	23	187	469
YDR434W	YHR120W	0.72416	0	17	380	138
YDL122W	YLL011W	0.72376	0	21	195	184
YMR227C	YNR007C	0.72319	0	25	187	318
YKR086W	YKL087C	0.72295	1	18	327	199
YER031C	YER129W	0.72283	0	25	300	159
YPL226W	YDR517W	0.72198	0	14	574	85
YNL221C	YBR121C	0.72163	0	38	330	160
YER003C	YMR038C	0.72111	0	31	389	182
YJL003W	YKR018C	0.72106	0	11	78	135
YKR031C	YOR057W	0.72104	0	18	101	666
YML107C	YOL051W	0.72089	0	23	180	159
YKR007W	YLR395C	0.72084	0	19	344	176
YBL013W	YNR011C	0.72064	1	18	175	301
YDR361C	YHR172W	0.72017	0	17	147	156
YDR294C	YGR036C	0.71991	0	10	154	66
YPR084W	YIL038C	0.71952	0	13	137	246
YOL094C	YNR004W	0.7191	0	22	306	196
YGR289C	YPR036W	0.71892	0	24	106	421
YER086W	YHR197W	0.71875	0	10	239	223
YNR006W	YLR288C	0.71857	0	40	748	164
YPL120W	YOL020W	0.71837	0	21	482	97
YNL016W	YML032C	0.71812	0	64	277	555
YHR048W	YER178W	0.71805	0	11	81	475
YPL006W	YHR027C	0.71797	0	40	205	691
YGL242C	YLL023C	0.71793	0	20	162	253
YJR136C	YJL194W	0.71784	0	38	211	309
YDR162C	YOR056C	0.71776	0	60	701	225
YKR035W-A	YLR346C	0.7176	0	14	261	112
YKL089W	YDL149W	0.71755	0	25	285	262
YPL246C	YNL154C	0.71753	0	15	122	459
YPR117W	YDR386W	0.71752	0	6	162	204
YDR153C	YPL084W	0.71735	0	22	181	302
YPL254W	YDL083C	0.71733	0	17	198	270
YJL004C	YKL010C	0.71723	0	23	392	161
YBL093C	YDR369C	0.71719	0	16	69	359
YMR284W	YGL238W	0.71672	0	42	343	239
YML024W	YOR056C	0.71664	0	17	116	225
YBR031W	YLR397C	0.71658	0	30	250	314
YIL003W	YHR200W	0.71655	0	57	247	813
YLR242C	YGR063C	0.71625	0	55	509	241
YNL262W	YLR361C	0.71615	1	36	592	144
YIL008W	YBR088C	0.71615	0	44	309	448
YDR148C	YOR031W	0.71611	0	14	352	151
YDR113C	YLR074C	0.71596	0	31	218	223
YER153C	YNL172W	0.71564	0	33	212	501
YGL198W	YKL059C	0.71554	0	8	77	237
YBR245C	YDL072C	0.71533	0	19	1818	54
YDL223C	YKL110C	0.7152	0	20	111	318
YHR083W	YDR469W	0.7152	0	19	94	494
YJL034W	YNR011C	0.71462	0	67	634	301
YML001W	YMR298W	0.71456	0	39	469	220
YER025W	YOR020C	0.7144	0	83	425	499
YLR072W	YPL183W-A	0.71414	0	8	90	263
YGL187C	YOR010C	0.71413	0	4	224	57
YHR188C	YER086W	0.71407	0	27	526	239
YOR174W	YMR215W	0.71389	0	30	550	198
YLR083C	YBR070C	0.71376	0	14	81	301
YCL025C	YJL127C	0.71364	0	28	272	384
YMR080C	YER035W	0.71337	0	14	779	61
YML121W	YLR212C	0.71273	0	30	399	146
YGL054C	YOR143C	0.71247	0	37	456	152
YBR026C	YMR167W	0.71229	0	28	390	216
YHR118C	YEL009C	0.71224	0	45	488	278
YDL142C	YBR040W	0.71211	0	13	535	142
YHR206W	YGR218W	0.71178	0	74	269	963
YGR125W	YML114C	0.71161	0	19	117	296
YIL098C	YFL041W	0.71158	0	6	346	74
YBL047C	YNL163C	0.7114	0	30	264	361
YOR259C	YEL030W	0.71136	0	20	801	100
YDR145W	YBR133C	0.71116	0	49	738	119
YJL057C	YNL061W	0.711	0	34	145	772
YJL011C	YLR147C	0.71085	0	17	205	67
YGL049C	YDR127W	0.71078	0	24	110	622
YGL107C	YER024W	0.71069	0	12	223	51
YKL009W	YDR146C	0.71061	0	59	455	419
YLR052W	YDR191W	0.71061	0	21	373	95
YOR321W	YDL107W	0.71059	0	6	147	149
YPL152W	YLR415C	0.71037	0	8	220	100
YKL004W	YNR055C	0.70999	0	8	193	85
YGL105W	YLR221C	0.70977	0	29	197	113
YPR171W	YCR071C	0.7092	1	8	109	372
YJL111W	YBR200W	0.70878	0	39	127	504
YMR293C	YDR397C	0.70865	0	36	311	467
YOR221C	YFL045C	0.70857	0	26	293	268
YBL021C	YDR213W	0.70828	0	20	374	125
YHR025W	YDR378C	0.70798	0	36	110	858
YDR073W	YPR173C	0.70782	0	43	149	578
YOR394C-A	YPL007C	0.70781	0	8	19	175
YGR112W	YKR043C	0.7077	0	5	125	102
YGR274C	YLR018C	0.70757	0	48	930	219
YDR260C	YLR330W	0.70718	0	39	163	427
YKL027W	YIL016W	0.70679	0	18	160	198
YKR091W	YOR033C	0.70678	0	8	165	189
YDR456W	YDR016C	0.70636	0	30	281	353
YBR173C	YIL091C	0.70618	0	16	298	124
YBL088C	YML015C	0.70605	0	18	171	275
YDR049W	YPL093W	0.7058	0	57	422	339
YOR326W	YPL046C	0.70553	0	33	654	134
YEL036C	YDR524C	0.70452	1	17	659	81
YMR135C	YKL176C	0.70408	0	23	136	292
YLR170C	YGL120C	0.70398	0	28	170	452
YDR420W	YNL149C	0.70392	0	19	122	240
YDL208W	YIL069C	0.70379	0	26	246	96
YJL062W-A	YDR485C	0.70352	0	45	194	549
YER029C	YMR080C	0.70352	0	36	117	779
YLR404W	YJR046W	0.70342	0	16	264	183
YNL061W	YLR264C-A	0.70278	0	21	772	55
YOL124C	YDR508C	0.70268	0	11	179	221
YIL049W	YDR160W	0.70231	0	5	109	100
YAL048C	YKR003W	0.70231	0	6	333	82
YBR283C	YDR432W	0.70205	0	53	280	1122
YMR186W	YKR003W	0.70165	0	33	1182	82
YPL066W	YGL237C	0.70161	0	17	194	167
YGR163W	YKL171W	0.70147	0	14	219	214
YBR210W	YPR105C	0.70146	0	25	97	582
YPR167C	YGL150C	0.70137	0	19	105	268
YKR022C	YGR038W	0.70133	0	14	162	130
YBR257W	YER060W-A	0.70106	0	7	286	104
YGR264C	YLR292C	0.70085	0	46	298	254
YHR206W	YEL051W	0.70008	0	50	269	406
YPL169C	YOR210W	0.69996	0	59	340	440
YLL013C	YJR095W	0.69993	0	35	1927	70
YJL002C	YGR185C	0.69931	0	32	203	218
YLR360W	YKL020C	0.69925	0	30	371	137
YIL004C	YCR095C	0.6991	0	26	277	206
YGL012W	YDR059C	0.69905	0	2	267	64
YER093C-A	YAL064W	0.69895	0	6	314	102
YKL203C	YDL188C	0.69862	0	28	457	157
YBL072C	YNL241C	0.6985	0	36	461	240
YBL041W	YBL091C-A	0.69837	0	12	394	99
YDR356W	YDL149W	0.6982	0	21	298	262
YNL053W	YKL069W	0.69819	0	30	153	355
YER029C	YIL112W	0.69816	0	10	117	192
YDR163W	YAR018C	0.69795	0	22	128	297
YBR111W-A	YPR079W	0.69792	0	30	409	167
YLR089C	YNL260C	0.69786	0	28	424	129
YGL031C	YDR292C	0.69764	0	29	257	329
YIL049W	YJL057C	0.69745	0	3	109	145
YNL080C	YJR010C-A	0.69733	1	34	732	134
YDL014W	YGL250W	0.69724	0	18	355	163
YBL008W	YGL222C	0.69723	0	28	492	237
YKL101W	YPL039W	0.69712	0	29	482	285
YDR518W	YFL037W	0.6967	0	25	153	433
YDR402C	YCR003W	0.69663	0	11	164	176
YBR200W	YHR006W	0.69657	0	22	504	104
YJL020C	YCR095C	0.69642	0	27	187	206
YJR148W	YML097C	0.69632	0	33	151	574
YJR088C	YMR281W	0.69615	0	22	167	363
YML006C	YDR466W	0.69611	0	10	133	127
YOR358W	YHR201C	0.69578	0	24	422	195
YER171W	YBR034C	0.69567	0	34	186	396
YHR143W	YNL085W	0.69562	0	15	114	310
YNL056W	YLR438C-A	0.69545	0	57	315	349
YLR305C	YGL107C	0.6951	0	18	259	223
YNL215W	YOR010C	0.69493	0	10	347	57
YPL227C	YNL003C	0.69492	0	27	249	437
YGL247W	YPL146C	0.69488	0	30	354	246
YBR211C	YOR030W	0.69467	0	39	289	259
YNL149C	YOR160W	0.69465	0	21	240	274
YGL008C	YLL008W	0.69395	0	23	297	186
YNL164C	YLR044C	0.69393	0	8	95	177
YBR145W	YKL109W	0.69363	0	20	114	280
YFL022C	YIL142W	0.69356	0	21	102	252
YLR089C	YEL076C	0.69346	0	28	424	78
YGL136C	YNL206C	0.69328	0	24	549	169
YDR121W	YOR174W	0.69296	0	31	151	550
YBR181C	YIL164C	0.6927	0	14	353	91
YNL273W	YGL014W	0.6925	0	33	311	220
YDR081C	YPR132W	0.69224	0	11	382	75
YDR322W	YDL033C	0.69199	0	32	209	528
YER095W	YKL028W	0.69195	0	34	507	170
YGR192C	YHL002W	0.6919	0	26	250	339
YDR392W	YIL115C	0.69148	0	54	498	237
YER147C	YBR059C	0.69145	0	19	330	195
YCR081W	YDR260C	0.69123	0	12	144	163
YLR393W	YIL110W	0.69107	0	20	357	146
YBR084W	YCL052C	0.69106	0	13	207	248
YNL206C	YDL132W	0.69105	0	25	169	490
YLR104W	YBR290W	0.69079	0	8	57	208
YLR207W	YPL037C	0.69056	0	12	106	168
YPL036W	YJL010C	0.69054	0	20	369	230
YDL015C	YCL005W	0.69038	0	25	403	161
YOL051W	YDL139C	0.69021	0	10	159	146
YKL135C	YNL219C	0.69004	0	11	112	281
YBR236C	YPR031W	0.68983	0	19	340	156
YDR439W	YKL179C	0.68965	0	25	445	158
YDR454C	YJL030W	0.68957	0	32	186	380
YNL071W	YDR398W	0.68935	0	22	327	282
YAL032C	YNL224C	0.68916	0	16	228	101
YER086W	YLR238W	0.68911	0	15	239	210
YHL007C	YOR257W	0.68875	0	8	243	64
YBR094W	YDR498C	0.68852	0	20	77	416
YDR369C	YMR273C	0.68836	0	31	359	185
YPL063W	YDL226C	0.68822	0	21	228	248
YMR314W	YIL062C	0.68807	0	22	89	423
YKL144C	YGL143C	0.68787	0	17	463	93
YGL059W	YJL124C	0.68768	0	37	141	1037
YLR388W	YKL075C	0.68631	0	19	197	137
YDR124W	YMR037C	0.68627	0	16	135	171
YPL217C	YPL119C	0.68606	0	15	434	99
YBR262C	YDR430C	0.6856	0	13	210	85
YDL156W	YJL023C	0.68556	0	28	688	143
YDR032C	YPR191W	0.68484	0	14	130	408
YBL076C	YJL204C	0.68478	0	11	188	214
YPR167C	YDL020C	0.68475	0	38	105	778
YOR381W-A	YML041C	0.68435	0	29	96	714
YNL297C	YHR197W	0.68433	0	35	444	223
YDR216W	YDR469W	0.68419	0	33	148	494
YLR355C	YJR123W	0.68399	0	20	118	107
YGL251C	YPR161C	0.68397	0	11	29	1101
YPR107C	YOR201C	0.68385	0	44	416	155
YBL036C	YDR113C	0.68378	0	10	90	218
YDL220C	YDR155C	0.68371	1	47	778	157
YGL097W	YML048W	0.68348	0	39	346	319
YOR066W	YBR070C	0.6832	0	8	91	301
YOR354C	YOR262W	0.68313	0	17	191	290
YGL179C	YLR186W	0.68311	0	19	138	431
YLR415C	YDR331W	0.68289	0	18	100	658
YLL024C	YPL150W	0.68277	0	20	442	202
YMR077C	YER173W	0.68238	0	19	161	203
YHL022C	YDR118W	0.6822	0	3	121	42
YNL082W	YNL049C	0.6822	0	17	238	158
YGL076C	YNL207W	0.68193	0	6	89	206
YML085C	YJL183W	0.68179	0	18	137	612
YOR147W	YHR086W	0.68177	0	20	502	178
YPL189C-A	YML129C	0.68135	1	17	42	66
YDR288W	YLR016C	0.68132	0	16	414	110
YIL105C	YKR068C	0.68122	0	32	149	486
YKR046C	YBR238C	0.68088	0	22	135	393
YFL022C	YOL064C	0.68076	0	18	102	384
YBL071W-A	YCR102C	0.68022	0	10	143	179
YIL109C	YLR153C	0.68016	0	33	242	331
YMR035W	YDR448W	0.68016	0	27	299	296
YLR045C	YIR022W	0.6801	0	75	600	227
YMR076C	YPL203W	0.67998	0	23	382	213
YCL025C	YCR102C	0.67937	0	11	272	179
YBL075C	YLR298C	0.67937	0	40	133	759
YPR074C	YJR070C	0.67901	0	27	207	241
YPR171W	YJL204C	0.67899	0	11	109	214
YHR072W-A	YML064C	0.67881	0	20	108	341
YOR308C	YPL106C	0.67875	0	44	260	629
YNL005C	YDR276C	0.6786	0	31	163	508
YMR011W	YAL058W	0.67814	0	10	116	199
YER129W	YPL135W	0.6781	0	11	159	241
YOR087W	YJL151C	0.67809	1	7	138	107
YLL015W	YPR173C	0.67793	0	22	119	578
YGR162W	YGR140W	0.6775	0	32	366	336
YLR262C	YBR028C	0.67726	0	32	926	90
YDL171C	YBR181C	0.67723	0	26	164	353
YDR464W	YMR070W	0.67721	0	39	281	293
YHR174W	YKL045W	0.67716	0	17	188	233
YFR037C	YOR265W	0.67701	0	45	477	169
YDR153C	YKR095W	0.67676	0	15	181	310
YPL129W	YJL050W	0.67674	0	23	288	260
YNL118C	YHR152W	0.67654	0	28	645	166
YBR092C	YER118C	0.67629	0	10	64	280
YGR206W	YIL140W	0.67627	0	14	155	139
YGL087C	YOR259C	0.67613	0	66	259	801
YJR085C	YKR091W	0.67596	0	6	199	165
YBR290W	YNL119W	0.67575	0	30	208	315
YBL052C	YJR041C	0.67572	0	18	190	156
YOR381W	YML105C	0.67549	0	10	94	374
YCR028C-A	YBR082C	0.67527	0	63	409	412
YNL290W	YFR009W	0.67481	0	17	95	337
YGL012W	YDR002W	0.67466	0	25	267	259
YDR059C	YDL003W	0.67464	0	4	64	328
YGR264C	YIL061C	0.67455	0	11	298	85
YOR260W	YPL154C	0.67408	0	25	369	179
YPL077C	YKL101W	0.67397	0	23	94	482
YPL004C	YKL021C	0.67357	0	26	150	538
YER012W	YDR186C	0.67337	0	23	293	236
YLR384C	YJR070C	0.67334	0	50	475	241
YML110C	YMR030W-A	0.67299	0	12	183	172
YPL023C	YHR082C	0.67289	0	15	135	459
YML103C	YGR027C	0.67284	0	79	586	268
YML012W	YKR018C	0.67276	0	22	316	135
YPR155C	YJL148W	0.67262	0	14	77	520
YML097C	YPL105C	0.67243	0	23	574	125
YMR028W	YOL009C	0.67214	0	60	385	396
YDR180W	YMR283C	0.67206	0	16	270	112
YNR053C	YMR243C	0.67124	0	21	397	162
YLR452C	YNL106C	0.67093	0	27	412	186
YNL181W	YPL146C	0.67069	0	81	1033	246
YOR035C	YDR057W	0.67054	0	14	321	125
YDR494W	YGL115W	0.67035	0	49	186	660
YJR136C	YKR031C	0.67016	0	9	211	101
YGL222C	YHR035W	0.6701	0	8	237	68
YPL049C	YEL003W	0.66989	0	35	201	586
YPL154C	YDL047W	0.66979	0	5	179	184
YEL051W	YML123C	0.66955	0	24	406	208
YER036C	YDR120C	0.66927	0	12	87	173
YJL174W	YJL151C	0.66927	0	15	306	107
YFL045C	YBR049C	0.6691	0	59	268	617
YGR065C	YER117W	0.66899	0	15	226	151
DECOY227	DECOY240	0.66891	0	0	0	0
YOR094W	YKL203C	0.66859	0	33	114	457
YLR289W	YEL076C	0.66853	0	9	55	78
YPL270W	YOR070C	0.6673	0	53	265	518
YDR472W	YJL062W-A	0.66729	0	18	145	194
YER134C	YPL155C	0.66714	0	7	106	106
YOR034C	YDR320C	0.66701	0	12	73	380
YPR052C	YLR394W	0.66677	0	14	171	233
YBR291C	YER040W	0.66653	0	35	173	414
YLR424W	YLR007W	0.66648	0	18	137	259
YOR296W	YLR182W	0.66629	0	27	87	683
YHR065C	YBR095C	0.66588	0	26	119	571
YLR220W	YCL008C	0.6658	0	28	130	473
YDL181W	YPL262W	0.66569	0	11	94	423
YIL151C	YER092W	0.66537	0	18	77	456
YIR016W	YDR082W	0.66531	0	10	190	250
YMR078C	YBL054W	0.66522	0	24	526	74
YJL168C	YPL250C	0.66512	0	44	616	187
YPL051W	YDR178W	0.66511	0	12	421	94
YNL121C	YDL248W	0.66487	0	30	281	320
YOR069W	YLL028W	0.66456	0	23	354	137
YHL031C	YKL051W	0.66385	0	16	488	102
YPR128C	YEL002C	0.6638	0	29	96	464
YEL062W	YGL153W	0.66377	1	23	146	205
YOR030W	YFR014C	0.66369	0	26	259	288
YKR036C	YKR046C	0.66364	0	12	120	135
YER091C	YAL040C	0.66361	0	14	143	281
YER017C	YDR397C	0.66348	0	37	179	467
YKL012W	YFR031C	0.66344	0	6	238	103
YKL096W-A	YPL240C	0.6634	0	25	88	1575
YPR089W	YDL107W	0.66332	0	18	245	149
YGR181W	YPL224C	0.66295	0	6	172	102
YNL294C	YKL027W	0.66292	0	33	394	160
YHR075C	YGR085C	0.66291	1	13	175	291
YNL215W	YBL071W-A	0.66289	0	36	347	143
YLR273C	YDR127W	0.66282	0	12	46	622
YER095W	YJL106W	0.66244	0	45	507	264
YOR068C	YGR130C	0.66242	0	21	301	182
YNL242W	YPL135W	0.66218	1	24	179	241
YGR092W	YJR010C-A	0.6621	0	26	903	134
YHR085W	YDR325W	0.66203	0	24	230	218
YBR175W	YOR113W	0.66199	0	37	326	176
YHR186C	YOR142W	0.66176	0	13	319	160
YJL110C	YMR100W	0.6616	0	29	188	324
YPL020C	YAL036C	0.66122	0	16	447	99
YCL008C	YIL110W	0.66108	1	25	473	146
YGL070C	YPR094W	0.66107	0	9	89	224
YHR027C	YBR047W	0.66025	0	18	691	89
YLL014W	YOR078W	0.66007	0	24	167	357
YGL242C	YOR116C	0.65996	0	12	162	268
YBR070C	YAR002W	0.65985	0	43	301	376
YBR267W	YDR092W	0.65979	0	43	430	263
YNL241C	YFR013W	0.65969	0	14	240	123
YHR168W	YBR139W	0.65944	0	4	71	126
YBR103W	YDR047W	0.65931	0	29	484	149
YNL076W	YMR072W	0.65925	0	21	370	136
YGR202C	YJR143C	0.65916	0	5	113	140
YPL221W	YLR110C	0.65896	0	12	66	296
YDR275W	YGR188C	0.65886	0	17	91	716
YGR028W	YOL004W	0.65836	0	36	96	1134
YJR043C	YMR175W-A	0.65827	0	10	454	53
YGR279C	YIL090W	0.65746	0	33	103	669
YNL048W	YOR014W	0.65731	0	19	115	439
YNL229C	YBR086C	0.65721	0	25	342	186
YDR349C	YNL158W	0.65719	0	6	80	96
YHR170W	YGL212W	0.65716	0	37	151	701
YNL250W	YHL030W	0.65695	0	35	324	211
YGL086W	YGL091C	0.6569	1	38	431	212
YOL066C	YLL009C	0.65674	0	15	171	211
YMR080C	YLR025W	0.6566	0	17	779	142
YPL096C-A	YDL150W	0.65658	0	19	183	163
YDL192W	YPR069C	0.65639	0	41	371	312
YDL218W	YER125W	0.65574	0	40	91	1207
YJR005W	YKL212W	0.65527	0	22	88	1065
YPR040W	YBL078C	0.65517	0	8	89	276
YPL170W	YJR074W	0.6551	0	28	99	646
YNL128W	YMR078C	0.65493	0	25	114	526
YHR190W	YGL200C	0.65448	0	45	338	207
YGL124C	YJL130C	0.65425	0	18	425	169
YMR001C	YMR216C	0.65423	0	24	185	401
YMR089C	YFL016C	0.65423	0	17	181	67
YPR020W	YOR297C	0.65413	0	12	122	299
YMR030W-A	YER165W	0.65391	0	37	172	627
YBL047C	YML114C	0.6539	0	17	264	296
YPL051W	YPR159C-A	0.65385	0	20	421	111
YJR084W	YDR280W	0.65373	0	16	604	102
YJR113C	YKL114C	0.65372	0	5	119	106
YHR188C	YAR002W	0.65355	0	72	526	376
YNL110C	YNR015W	0.65318	0	2	223	78
YOR290C	YAL043C	0.65272	0	13	226	162
YKL010C	YHR186C	0.65264	0	26	161	319
YFR034C	YCL005W-A	0.6524	0	30	241	446
YNL079C	YMR290C	0.65231	0	52	677	319
YPR180W	YGL202W	0.65198	0	9	219	140
YNL252C	YEL069C	0.65169	0	25	498	61
YIL039W	YER144C	0.6516	0	7	214	79
YDR208W	YOL054W	0.65159	0	17	313	158
YDR362C	YBR004C	0.65158	0	11	195	137
YDL206W	YCL045C	0.6515	0	5	58	146
YKR072C	YPR104C	0.65143	0	30	242	203
YLR276C	YCR034W	0.65135	0	36	269	536
YCR066W	YML112W	0.65132	1	64	224	320
YKL079W	YMR080C	0.65109	0	33	214	779
YHL025W	YJL025W	0.65105	0	21	506	159
YOR117W	YBR111C	0.65074	0	26	623	153
YHR104W	YOR246C	0.65071	0	10	156	174
YJL189W	YJL080C	0.65062	0	10	40	241
YFR051C	YMR104C	0.65061	0	21	493	104
YDR363W	YBR131W	0.65058	1	41	269	431
YGR083C	YER083C	0.65055	0	39	112	970
YCL043C	YDR079C-A	0.65052	0	27	297	212
YPL042C	YDR285W	0.6505	0	11	375	92
YDL047W	YGR155W	0.65035	0	15	184	183
YPL021W	YBR157C	0.65031	0	3	88	140
YMR003W	YBR181C	0.65016	0	27	192	353
YMR109W	YIR005W	0.64987	0	33	236	389
YGL147C	YOR183W	0.64965	0	17	210	142
YLR120C	YJR141W	0.64957	0	21	119	327
YML085C	YDR130C	0.64955	0	14	137	190
YLR002C	YJL165C	0.64936	0	20	245	205
YHR024C	YJL205C	0.6493	0	12	276	112
YDL132W	YGR256W	0.64924	0	10	490	71
YCR020C-A	YLR197W	0.64918	0	16	131	442
YLR148W	YGR217W	0.64899	0	8	79	164
YLR115W	YER166W	0.64894	0	26	522	133
YNL273W	YIL044C	0.64858	0	18	311	183
YDR202C	YDR307W	0.64822	0	12	181	120
YLR250W	YDR283C	0.64822	0	9	99	228
YBR278W	YOR030W	0.6482	0	43	295	259
YBR142W	YGL237C	0.64816	0	21	354	167
YNL003C	YOR166C	0.64809	0	7	437	59
YDR124W	YOR033C	0.64801	0	6	135	189
YPR141C	YDR141C	0.6479	0	37	625	233
YLR350W	YHR078W	0.64771	0	31	546	91
YKR054C	YKR102W	0.64761	0	6	344	58
YOL148C	YBL036C	0.64721	0	3	86	90
YNR023W	YDR456W	0.64719	0	30	131	281
YPR015C	YGL201C	0.64703	0	7	64	188
YFR028C	YDR258C	0.64659	0	18	527	115
YML048W	YNR013C	0.64638	0	33	319	219
YJR059W	YNL286W	0.64626	0	13	703	44
YLR197W	YMR091C	0.64622	0	26	442	126
YGL208W	YPL170W	0.64611	1	6	151	99
YGL212W	YMR019W	0.64606	0	37	701	130
YDR388W	YIL045W	0.64587	0	17	975	58
YIL154C	YDL207W	0.64581	0	29	180	448
YOR089C	YIR025W	0.64564	0	19	580	66
YMR042W	YDR331W	0.64532	1	18	86	658
YOR320C	YIL084C	0.64517	0	23	60	788
YJL082W	YOR069W	0.64516	0	19	86	354
YML105C	YJL082W	0.64512	0	18	374	86
YAL012W	YDR463W	0.64506	0	21	213	205
YKR039W	YOR241W	0.64505	1	5	168	248
YGR083C	YHR008C	0.64463	0	8	112	226
YMR201C	YDR056C	0.64444	0	15	385	80
YNL015W	YMR277W	0.64408	0	17	74	583
YJL062W-A	YHR062C	0.64408	0	24	194	197
YGR280C	YJR055W	0.64404	0	5	38	64
YML009C	YML094W	0.6438	0	26	120	594
YDR175C	YNR051C	0.64366	0	35	168	1228
YFR001W	YBL026W	0.64356	0	8	124	310
YER079W	YBR147W	0.64324	1	4	145	158
YOR304W	YOR078W	0.64302	0	35	336	357
YNL090W	YJL205C	0.64298	0	8	157	112
YKR005C	YPR103W	0.64295	1	15	91	705
YBL035C	YLR423C	0.64282	0	14	407	200
YIL129C	YDR453C	0.64281	0	17	663	60
YLR022C	YDR507C	0.64281	0	26	259	296
YNL082W	YMR193W	0.64279	0	4	238	187
YLL032C	YIL035C	0.64275	0	28	148	364
YGR005C	YLR342W	0.64267	0	53	242	504
YDR317W	YLR347C	0.6424	0	8	40	607
YBR110W	YGR158C	0.64226	0	16	359	104
YBR111W-A	YPR047W	0.64149	0	15	409	88
YDR302W	YLR285C-A	0.64089	0	11	707	43
YPR112C	YLL005C	0.64076	0	10	284	88
YGR035C	YNL329C	0.64067	0	3	81	81
YDR414C	YBR082C	0.64063	0	68	389	412
YML047C	YDL087C	0.64018	0	18	90	123
YDL054C	YJR044C	0.64011	0	9	85	208
YOR334W	YDR395W	0.63986	0	18	169	167
YHR024C	YLL066W-B	0.63976	0	6	276	68
YPL171C	YBL055C	0.63961	0	4	106	65
YJR068W	YBL036C	0.63921	0	17	333	90
YCR003W	YGL142C	0.63908	0	22	176	442
YPL050C	YGL206C	0.63902	0	6	35	113
YPR141C	YEL054C	0.63901	0	38	625	145
YOL021C	YHR190W	0.63888	0	27	216	338
YIL020C	YPR110C	0.63867	0	4	18	213
YOR210W	YJL057C	0.63852	1	25	440	145
YPR135W	YHR144C	0.6385	0	46	604	196
YPL178W	YJR005W	0.63841	0	13	665	88
YBR048W	YBR058C-A	0.63833	0	38	330	277
YDR105C	YJL183W	0.63824	0	26	149	612
YDL101C	YDR141C	0.63808	0	31	481	233
YOR085W	YJR136C	0.63797	0	37	418	211
YGR277C	YGR253C	0.63797	0	21	250	170
YJL035C	YJL147C	0.63794	0	9	90	210
YBL040C	YPR178W	0.63793	0	33	125	550
YER153C	YIL110W	0.63775	0	6	212	146
YKL204W	YNL222W	0.63767	0	30	365	231
YBL021C	YPR043W	0.63757	0	39	374	323
YGL255W	YOR296W	0.63756	0	8	181	87
YPL037C	YGL061C	0.63732	0	26	168	430
YDR447C	YGL045W	0.63687	0	40	163	466
YDL070W	YAL048C	0.63669	0	21	193	333
YNL253W	YIL006W	0.63668	0	4	68	136
YLR314C	YOL100W	0.63644	0	22	774	90
YDR456W	YEL060C	0.6361	0	15	281	128
YPL016W	YJR125C	0.63606	0	21	309	261
YFR031C-A	YPL016W	0.63586	0	45	345	309
YAL003W	YOR369C	0.63583	0	14	63	53
YGR044C	YOR360C	0.63542	0	40	156	624
YCR036W	YKL157W	0.63532	0	11	119	152
YDR366C	YDR434W	0.63491	0	7	33	380
YMR167W	YER156C	0.63487	0	10	216	152
YIR026C	YLR045C	0.63466	0	34	119	600
YHL008C	YHR088W	0.63466	0	13	95	258
YDR088C	YOL031C	0.6345	0	24	466	128
YPL058C	YGL187C	0.63431	0	4	113	224
YNL257C	YML105C	0.63424	0	13	62	374
YJL029C	YJL112W	0.63416	0	20	704	115
YER110C	YGR237C	0.63377	0	13	340	146
YGR175C	YEL013W	0.6336	0	12	54	328
YKL179C	YCR088W	0.63339	0	14	158	155
YLR120C	YGL008C	0.63337	0	20	119	297
YDR189W	YBL009W	0.63328	0	16	325	185
YDR392W	YLR166C	0.63319	0	51	498	205
YOR005C	YOR275C	0.63308	0	49	245	509
YHR082C	YLR278C	0.63281	0	19	459	155
YDL203C	YKL047W	0.63262	0	4	201	43
YHR008C	YFL034W	0.63238	0	7	226	75
YHR088W	YGL043W	0.6323	0	48	258	584
YML014W	YDR325W	0.63198	0	19	112	218
YFR043C	YOR106W	0.63134	0	17	76	507
YLL042C	YPR151C	0.6311	0	5	134	108
YOL080C	YPR108W	0.63103	0	19	71	482
YLR247C	YFL002C	0.63094	0	34	97	663
YEL024W	YLR253W	0.63071	0	12	243	57
YDR074W	YGR089W	0.63071	0	66	581	278
YMR319C	YLR190W	0.63046	0	13	99	391
YOL116W	YCR036W	0.63027	0	12	311	119
YMR269W	YML010W	0.63022	0	21	300	184
YGL171W	YMR283C	0.63022	0	3	37	112
YBL057C	YBR036C	0.63007	0	20	71	962
YFR034C	YOR132W	0.62994	0	34	241	492
YOR001W	YDR160W	0.62963	0	13	586	100
YLR026C	YIL055C	0.62931	0	25	488	103
YLR421C	YLL003W	0.62923	0	4	102	94
YFR021W	YBR011C	0.62918	0	31	193	387
YPL013C	YMR224C	0.62902	0	13	130	582
YBL085W	YDR439W	0.62891	0	21	149	445
YNL201C	YPL161C	0.62882	0	26	151	393
YJR025C	YER083C	0.62882	0	34	107	970
YGL206C	YLR050C	0.62853	0	4	113	78
YDL101C	YLR025W	0.6285	0	20	481	142
YLR218C	YER139C	0.62836	0	24	271	241
YLR433C	YFR051C	0.62778	0	24	118	493
YGL215W	YHR012W	0.62775	1	54	228	395
YGL215W	YHR012W	0.62775	0	54	228	395
YMR070W	YPL141C	0.62774	0	20	293	159
YFR012W	YNL199C	0.62772	0	11	80	363
YJR057W	YDL121C	0.62768	0	16	661	111
YNL202W	YJL062W-A	0.62727	0	4	48	194
YNL088W	YLR332W	0.62716	0	24	221	214
YJL080C	YDR176W	0.62714	0	12	241	164
YPL093W	YBR040W	0.62699	0	12	339	142
YJL129C	YCR068W	0.62689	0	10	121	309
YCL059C	YNR045W	0.62683	0	25	403	172
YJR102C	YDR419W	0.62677	0	7	106	135
YLR381W	YOR020C	0.6262	0	26	151	499
YNL232W	YPR165W	0.62594	0	30	438	167
YNR023W	YOR072W-B	0.62572	0	14	131	111
YGL160W	YML128C	0.62567	0	18	55	600
YDR196C	YCL001W	0.6255	1	31	304	211
YKL051W	YFL039C	0.62534	0	47	102	2268
YMR091C	YKL048C	0.62527	0	25	126	790
YML102W	YOR083W	0.62524	0	34	203	380
YBL059W	YDL087C	0.62513	0	5	111	123
YOR156C	YGL238W	0.62504	0	18	211	239
YGR083C	YLR182W	0.62497	0	33	112	683
YOR073W	YDR116C	0.62491	0	20	125	336
YBR109C	YDL235C	0.62455	0	30	982	93
YER007W	YJR147W	0.62441	0	10	106	115
YOR270C	YJR064W	0.62402	0	26	351	212
YDR456W	YOR194C	0.6239	0	34	281	267
YGL113W	YGR240C	0.62388	0	20	246	254
YKL185W	YKL112W	0.62354	0	44	153	394
YGR208W	YIR019C	0.62347	0	17	267	113
YML081C-A	YPR094W	0.6234	0	21	347	224
YGL247W	YGR227W	0.62337	0	22	354	140
YIL038C	YLR388W	0.62298	0	19	246	197
YNL186W	YFL045C	0.62287	1	32	221	268
YOR351C	YPL174C	0.6228	1	28	184	550
YOR361C	YDR189W	0.62279	0	26	177	325
YMR073C	YHR186C	0.6222	0	31	215	319
YDR335W	YIL026C	0.62219	0	17	415	91
YDR436W	YHR025W	0.62218	0	10	79	110
YMR067C	YOL001W	0.62184	1	64	227	547
YNL214W	YJL062W-A	0.6216	0	14	96	194
YGL043W	YFR031C-A	0.62139	0	67	584	345
YOR381W	YPL194W	0.62125	0	8	94	215
YDR142C	YJL148W	0.62124	0	15	77	520
YPL227C	YPL144W	0.62105	0	38	249	328
YLR356W	YPR107C	0.62096	0	42	126	416
YNL020C	YOL081W	0.62091	0	48	156	978
YMR077C	YDR409W	0.62049	0	21	161	216
YDR192C	YLR048W	0.6199	0	19	126	326
YNL315C	YOR005C	0.61986	0	43	311	245
YLR423C	YGL133W	0.61976	0	22	200	264
YML053C	YIL046W	0.61973	0	20	108	474
YKR077W	YOL115W	0.61957	0	13	69	415
YER086W	YNL099C	0.61929	0	16	239	254
YOR043W	YMR009W	0.61906	0	18	366	94
YOL093W	YHR203C	0.61857	0	14	83	309
YCR003W	YPL075W	0.61854	0	6	176	89
YLR262C	YHR199C	0.61823	0	36	926	125
YKR018C	YNL257C	0.61809	0	7	135	62
YOR099W	YLR440C	0.61786	0	17	113	371
YDL100C	YDR258C	0.61773	0	12	452	115
YPL242C	YDL049C	0.61767	0	6	97	60
YMR216C	YCL009C	0.61754	0	21	401	108
YFR014C	YOR035C	0.61728	0	30	288	321
YJR044C	YLR083C	0.61724	0	8	208	81
YDR294C	YMR322C	0.61724	0	5	154	84
YLR373C	YGR055W	0.6172	0	38	407	254
YMR293C	YPR101W	0.61702	0	35	311	298
YDR485C	YBL059W	0.61701	0	35	549	111
YNL106C	YHR151C	0.61691	0	18	186	142
YOR236W	YMR129W	0.61681	0	22	465	142
YLR205C	YML017W	0.61676	0	10	91	307
YLR335W	YGL099W	0.61672	0	10	198	107
YOR354C	YBL098W	0.61669	0	5	191	94
YPR016C	YJR085C	0.61665	0	23	580	199
YOR056C	YPL042C	0.61632	0	44	225	375
YPL152W	YKL087C	0.6163	0	21	220	199
YGR038W	YPL109C	0.61627	0	8	130	186
YLR084C	YPL056C	0.61602	0	4	82	81
YIL034C	YBR127C	0.61559	0	18	204	173
YPR052C	YLR096W	0.61537	0	13	171	199
YNL307C	YMR188C	0.61535	0	9	583	49
YOR312C	YNL127W	0.61452	1	16	186	254
YGL120C	YJR134C	0.6145	0	18	452	93
YJL030W	YDL122W	0.6144	0	25	380	195
YOR207C	YLR455W	0.61434	0	9	81	68
YGR245C	YML014W	0.61431	0	10	250	112
YIL038C	YBL043W	0.61408	0	5	246	54
YHR067W	YIL071C	0.61404	0	10	457	89
YOR329C	YML006C	0.61401	0	4	56	133
YIR023W	YAL054C	0.61353	0	13	571	88
YGL040C	YLL006W	0.61352	0	16	69	637
YDR488C	YPR117W	0.61346	0	16	272	162
YHR076W	YGR040W	0.61338	0	8	123	209
YER162C	YBR085W	0.61318	0	23	431	196
YOR311C	YIR027C	0.6131	0	7	460	59
YBR246W	YNL255C	0.61306	0	33	113	1217
YBR141C	YOR070C	0.61294	0	30	186	518
YAL038W	YNR054C	0.61254	0	7	273	154
YML017W	YJR013W	0.61203	0	24	307	164
YER173W	YGL121C	0.61188	0	9	203	70
YDR076W	YHR012W	0.61177	0	46	264	395
YLR154C-H	YGL124C	0.61169	0	37	127	425
YHR077C	YJL057C	0.61143	0	21	329	145
YLR203C	YPL132W	0.61104	0	16	101	51
YLR426W	YHR108W	0.61097	0	20	284	162
YOR360C	YML113W	0.61052	1	28	624	87
YBR183W	YLR397C	0.61039	0	11	119	314
YCR020C-A	YHR031C	0.61018	0	25	131	324
YEL031W	YBR291C	0.60982	0	32	457	173
YOR157C	YOR310C	0.60979	0	15	272	281
YHL014C	YMR267W	0.60964	0	10	59	415
YEL051W	YIL016W	0.60963	0	30	406	198
YDR339C	YNL317W	0.60924	0	4	257	38
YNL113W	YGR143W	0.60908	0	22	314	164
YPL169C	YPR033C	0.60894	0	25	340	154
YER157W	YDR314C	0.60891	0	18	1015	57
YKL108W	YPL007C	0.60858	0	4	53	175
YOL063C	YKL009W	0.60807	0	8	55	455
YDR052C	YLR325C	0.60794	0	56	813	173
YBR179C	YNL080C	0.60793	0	31	137	732
YOR171C	YNL272C	0.60775	0	24	150	374
YBR231C	YDR135C	0.60761	0	25	885	105
YGL092W	YBL008W-A	0.60752	0	7	272	17
YDL014W	YGL113W	0.60746	0	35	355	246
YDR167W	YGL054C	0.60741	0	56	283	456
YLR118C	YML049C	0.60731	0	7	52	197
YBR073W	YIL021W	0.60728	0	31	112	606
YLR205C	YDL138W	0.60719	0	6	91	181
YHR072W-A	YGR006W	0.60717	0	22	108	420
YJL210W	YPR098C	0.60695	0	6	125	119
YHR021C	YKL121W	0.60684	0	21	369	128
YPR160W	YNL056W	0.60641	0	27	274	315
YDR339C	YER112W	0.6064	0	14	257	187
YKL157W	YDR292C	0.6063	0	15	152	329
YBR020W	YLR275W	0.6061	0	18	81	717
YGR116W	YNL099C	0.60597	0	22	159	254
YEL052W	YNL262W	0.60573	0	14	49	592
YKR008W	YML088W	0.60569	0	20	316	179
YGR255C	YER180C	0.6056	0	7	129	69
YEL034W	YDR183W	0.60556	0	32	1027	110
YBR265W	YDL078C	0.60523	0	11	135	154
YDR364C	YJR135W-A	0.60492	0	9	162	91
YOR048C	YEL012W	0.60477	0	20	488	104
YCR068W	YHR157W	0.60369	0	5	309	92
YHR135C	YMR204C	0.60366	0	4	469	67
YNL227C	YNL240C	0.60362	0	23	184	302
YDL045C	YDR523C	0.60356	0	6	183	103
YBL099W	YMR139W	0.60341	0	13	141	183
YJL076W	YLR153C	0.60284	0	17	96	331
YGL233W	YBR120C	0.60247	0	6	255	80
YFR021W	YER052C	0.6023	0	30	193	289
YDL125C	YLR441C	0.60225	0	15	79	201
YBR123C	YNL127W	0.6022	0	25	191	254
YNL164C	YOR308C	0.60216	0	19	95	260
YLR320W	YJL205C	0.60197	0	35	1059	112
YKL208W	YPR176C	0.60187	0	43	286	352
YGL087C	YJL137C	0.60175	0	7	259	52
YOR103C	YDR435C	0.6014	0	32	368	195
YLR080W	YPR024W	0.60129	0	27	99	742
YJR085C	YGR140W	0.60075	0	14	199	336
YBR231C	YMR110C	0.60066	0	17	885	67
YLR028C	YDR067C	0.60064	0	17	177	225
YDL156W	YKL007W	0.60041	0	21	688	140
YMR294W	YHR083W	0.60022	0	16	427	94
YLR174W	YGR174C	0.60021	0	9	92	275
YDL147W	YHR080C	0.6002	0	12	608	70
YGL043W	YHR151C	0.60001	0	32	584	142
YKL106W	YOR261C	0.59973	0	22	116	454
YOR204W	YHL010C	0.59972	0	8	586	77
YLR026C	YHR105W	0.59972	0	13	488	51
YJL035C	YNL049C	0.59969	0	10	90	158
YDL217C	YGR238C	0.59965	0	27	573	156
YIL044C	YCR010C	0.59924	0	3	183	71
YOR031W	YBR218C	0.59911	0	18	151	216
YML109W	YOR141C	0.5988	0	30	105	489
YHR105W	YGR284C	0.59877	0	9	51	287
YJR130C	YKL109W	0.59848	0	5	106	280
YNL141W	YJL030W	0.59791	0	43	377	380
YCR009C	YKR038C	0.59765	0	27	1002	113
YKR042W	YJL020C	0.59724	0	28	225	187
YPR104C	YGL086W	0.59718	0	41	203	431
YGR245C	YMR293C	0.59694	0	10	250	311
YDR144C	YDR054C	0.59693	0	21	106	440
YGL012W	YMR262W	0.59686	0	3	267	39
YLR197W	YGR024C	0.59682	0	16	442	77
YEL012W	YEL047C	0.59579	0	4	104	31
YGL054C	YAL022C	0.59575	0	13	456	52
YPL003W	YER095W	0.59575	0	30	111	507
YIL147C	YDR363W	0.59556	0	25	165	269
YBR055C	YGL081W	0.59533	0	9	369	149
YLR285W	YOR319W	0.59516	0	1	68	187
YDR494W	YDR116C	0.59508	0	25	186	336
YNL081C	YLR170C	0.59507	0	22	445	170
YDR216W	YOR304W	0.59498	0	28	148	336
YDL056W	YML001W	0.59497	0	22	156	469
YMR154C	YOR087W	0.59483	0	14	383	138
YOR201C	YNR023W	0.59423	0	14	155	131
YOR179C	YPR152C	0.594	0	14	178	269
YGR063C	YDL130W	0.59384	0	22	241	213
YGL062W	YKL059C	0.59351	0	9	119	237
YOR048C	YDR374C	0.59343	0	11	488	77
YIL127C	YCL032W	0.59336	0	13	60	727
YJL148W	YMR266W	0.59324	0	9	520	41
YBR107C	YEL013W	0.59323	0	20	189	328
YNL282W	YFR012W	0.59313	0	6	320	80
YCR086W	YHR121W	0.59296	0	43	461	179
YDR316W	YBL015W	0.59292	0	28	347	143
YHR032W	YOR341W	0.59284	0	9	48	454
YLR229C	YPL029W	0.59278	0	19	317	213
YKL017C	YGR140W	0.59259	0	19	124	336
YNL272C	YJL019W	0.59257	0	29	374	196
YKL037W	YMR004W	0.59256	0	12	114	181
YGR116W	YGR062C	0.59237	0	18	159	97
YHR006W	YOR057W	0.59208	0	20	104	666
YGR099W	YHR035W	0.59205	0	18	548	68
YDR096W	YKL002W	0.59201	0	25	148	221
YDL104C	YLR238W	0.59199	0	14	175	210
YDR282C	YPR036W	0.59187	0	9	51	421
YKR096W	YLR268W	0.59176	0	60	160	1220
YPR144C	YDR469W	0.59171	0	23	288	494
YLR388W	YJR066W	0.59168	0	24	197	439
YNL185C	YPL134C	0.59152	0	6	157	70
YOR140W	YOR353C	0.59129	0	37	352	298
YMR238W	YER059W	0.59123	0	10	126	77
YGR098C	YGR264C	0.59116	1	58	580	298
YKL208W	YCL057C-A	0.59102	0	16	286	119
YML020W	YML104C	0.591	0	8	92	109
YOL004W	YLR437C	0.59096	0	11	1134	29
YGR185C	YDR113C	0.59087	0	22	218	218
YJL013C	YHR098C	0.59082	0	18	147	382
YLR067C	YBR010W	0.59067	0	26	106	799
YLR095C	YJR093C	0.59066	0	29	105	477
YPR019W	YMR129W	0.59054	0	8	140	142
YKR008W	YML109W	0.59026	0	21	316	105
YER019W	YPL017C	0.58994	0	19	246	135
YMR242C	YPL039W	0.5894	0	11	154	285
YBR264C	YBR164C	0.58932	0	19	59	413
YDL013W	YHR105W	0.58915	0	14	863	51
YBR080C	YNL317W	0.58905	0	7	342	38
YGR046W	YMR115W	0.58891	0	7	145	194
YJL016W	YJL054W	0.5888	0	1	38	262
YER079W	YGL098W	0.58871	0	15	145	287
YDR244W	YHR129C	0.58854	0	41	230	438
YLR264C-A	YBR202W	0.58851	0	14	55	402
YDR354W	YDR130C	0.58825	0	18	168	190
YHR107C	YNR031C	0.58797	0	57	787	243
YNL138W	YKL211C	0.58793	0	20	662	89
YLR371W	YBR092C	0.58779	0	16	793	64
YKL011C	YNR017W	0.58771	0	13	111	347
YER102W	YPL237W	0.58766	0	14	59	131
YGR040W	YNL207W	0.58745	0	6	209	206
YGR277C	YNL283C	0.58685	0	16	250	113
YKR082W	YLR457C	0.58677	0	14	545	89
YBR272C	YGR006W	0.5867	0	18	106	420
YOL071W	YHR061C	0.58664	0	5	99	111
YPR178W	YHR002W	0.58659	0	28	550	121
YDR082W	YJL105W	0.58643	0	11	250	97
YLR272C	YPL219W	0.58643	0	17	233	146
YER014C-A	YDR088C	0.58632	0	13	78	466
YMR013C	YLL026W	0.5863	0	20	170	449
YKL057C	YLR407W	0.5861	0	13	328	94
YNL315C	YER040W	0.58592	0	56	311	414
YPL015C	YDR409W	0.58577	0	5	51	216
YLR418C	YBR028C	0.58574	0	31	980	90
YHR206W	YDR397C	0.5856	0	63	269	467
YOR080W	YDL053C	0.58557	0	27	666	140
YDL052C	YOL102C	0.58523	0	12	105	230
YGR218W	YGR234W	0.58512	0	25	963	100
YIR008C	YHR189W	0.58509	0	48	317	380
YPL075W	YLR227C	0.58479	0	7	89	181
YIL104C	YDR307W	0.58465	0	1	95	120
YBR057C	YBR262C	0.5845	0	20	324	210
YHL029C	YNL291C	0.58408	0	21	481	126
YOR311C	YMR008C	0.58402	0	9	460	44
YER040W	YKR042W	0.584	0	35	414	225
YAL025C	YDR163W	0.58356	0	16	324	128
YLL042C	YOR006C	0.5835	0	8	134	134
YBL024W	YLR033W	0.58338	0	21	184	234
YJL085W	YHR151C	0.58309	0	40	520	142
YKL208W	YJL219W	0.58291	0	3	286	39
YHR079C	YGL213C	0.58288	0	42	471	240
YDR275W	YDR287W	0.5827	0	1	91	58
YHR069C	YLR017W	0.58241	0	11	265	82
YLR226W	YMR102C	0.58183	0	4	60	49
YML092C	YBR189W	0.58179	0	16	150	107
YIL110W	YJL099W	0.58175	0	15	146	229
YPL043W	YDL167C	0.58174	0	13	164	78
YJR113C	YLR323C	0.58172	0	9	119	327
YCL027W	YPL152W	0.58163	0	10	82	220
YOR312C	YNL003C	0.58162	1	14	186	437
YBR261C	YPL174C	0.58137	0	20	109	550
YKR013W	YOR117W	0.58083	0	11	76	623
YDR116C	YFR011C	0.58078	0	32	336	181
YJL131C	YMR275C	0.58069	0	15	141	230
YOR311C	YER098W	0.58052	0	17	460	110
YOR036W	YNR019W	0.58041	0	9	118	141
YGL255W	YBR077C	0.58027	0	11	181	103
YPL172C	YBR166C	0.58011	0	18	414	101
YGR122W	YBR092C	0.58009	0	7	246	64
YPR152C	YDL248W	0.58002	0	25	269	320
YLR260W	YKL206C	0.57994	0	13	164	168
YHR123W	YKL144C	0.5799	0	10	101	463
YOR032W-A	YHR062C	0.57967	0	13	64	197
YHR073W	YNL291C	0.57941	0	10	135	126
YLR071C	YCL057C-A	0.57903	0	19	363	119
YBL015W	YJL039C	0.57896	0	9	143	317
YCR088W	YMR298W	0.57894	0	19	155	220
YGL196W	YHR134W	0.57886	0	8	95	209
YNL049C	YNL245C	0.57885	0	41	158	389
YBR257W	YIL073C	0.5788	0	10	286	63
YGL035C	YBR142W	0.57861	0	27	260	354
YLR367W	YGL240W	0.5786	0	20	135	226
YKL160W	YNL090W	0.57843	0	15	382	157
YIL051C	YCL050C	0.57828	0	6	91	61
YNL134C	YDR090C	0.57807	0	5	92	46
YIL007C	YPL153C	0.57804	0	29	128	576
YBR236C	YAL044C	0.57786	0	21	340	91
YPL217C	YER149C	0.57763	0	19	434	143
YCL001W-B	YGR188C	0.57718	0	11	104	716
YHR143W	YDR246W	0.57707	0	16	114	550
YLR007W	YNR015W	0.57698	0	5	259	78
YMR222C	YMR197C	0.57689	0	12	69	695
YGL027C	YPL213W	0.57688	1	43	200	680
YGL071W	YDR014W	0.57667	0	33	306	167
YMR100W	YIL017C	0.57652	0	25	324	170
YER113C	YMR312W	0.5765	0	11	66	455
YDR524C-B	YML097C	0.57645	1	44	137	574
YML067C	YDR116C	0.57626	0	21	157	336
YBR009C	YPL065W	0.57612	0	24	695	107
YKL205W	YER065C	0.57569	0	6	163	78
YNL214W	YMR238W	0.57546	0	7	96	126
YER148W	YOR274W	0.57543	0	18	302	93
YBL075C	YLL026W	0.57521	0	25	133	449
YPL021W	YOR184W	0.57511	0	4	88	303
YER153C	YBR079C	0.57508	0	21	212	271
YBR179C	YNL262W	0.57505	0	23	137	592
YNL282W	YLR174W	0.57488	0	9	320	92
YJR112W	YML024W	0.57482	0	9	252	116
YNL126W	YPL235W	0.57471	0	23	109	480
YKR007W	YGR262C	0.57467	0	20	344	125
YKL130C	YBL021C	0.57459	0	14	111	374
YDL005C	YCR035C	0.57452	0	11	144	131
YPR040W	YMR105C	0.57434	0	5	89	117
YGL084C	YJR111C	0.57414	0	10	496	35
YLR394W	YKR038C	0.57359	0	11	233	113
YLR150W	YAL064W	0.57332	0	14	356	102
YGL063W	YGR195W	0.57307	0	8	71	273
YKR036C	YGL054C	0.57303	0	21	120	456
YLR199C	YKL110C	0.57291	0	18	97	318
YDR295C	YPR187W	0.57284	0	19	366	100
YLR433C	YMR076C	0.5728	0	19	118	382
YDL107W	YDR495C	0.57254	0	11	149	128
YHR059W	YBL041W	0.57247	0	21	109	394
YGR101W	YOR174W	0.57237	0	27	138	550
YJL178C	YNL271C	0.57221	0	23	163	443
YOR348C	YDL098C	0.57206	0	5	80	218
YMR036C	YIR009W	0.572	0	4	157	77
YLR181C	YOR057W	0.57172	0	32	104	666
YKL042W	YGR184C	0.57142	0	20	315	226
YLR329W	YJL117W	0.5712	0	13	74	269
YFR043C	YPR094W	0.57118	0	14	76	224
YGR161C	YHR036W	0.57117	0	32	109	814
YER032W	YOL002C	0.57065	0	13	89	303
YLR459W	YMR044W	0.57057	0	30	582	176
YOR002W	YJL176C	0.57047	0	47	338	383
YMR236W	YPL103C	0.57041	0	17	446	136
YCL059C	YER065C	0.57039	0	13	403	78
YDR233C	YGR195W	0.57035	0	20	173	273
YNL020C	YGR040W	0.57034	0	10	156	209
YFL025C	YOR034C	0.57031	0	16	386	73
YKR024C	YDR105C	0.57028	0	19	438	149
YKR101W	YDR295C	0.57021	0	24	76	366
YMR073C	YGL233W	0.56983	0	29	215	255
YCR068W	YPL019C	0.56967	0	8	309	71
YLR304C	YOL054W	0.56951	0	14	199	158
YMR054W	YML041C	0.56947	0	33	124	714
YDL207W	YPL061W	0.56941	0	27	448	217
YLR133W	YOR329C	0.56909	0	3	116	56
YKL205W	YGL171W	0.56887	0	3	163	37
YMR288W	YCR042C	0.5687	0	4	49	43
YPL106C	YOL025W	0.56858	0	12	629	65
YJR010C-A	YNL054W	0.56847	0	16	134	381
YPL122C	YDL064W	0.56795	0	18	161	285
YBR033W	YLR145W	0.56792	0	7	113	169
YBR044C	YOR183W	0.56759	0	9	103	142
YPR046W	YDR518W	0.56754	0	8	225	153
YER173W	YGR126W	0.56752	0	2	203	28
YLR442C	YER086W	0.56726	0	10	100	239
YCL059C	YLL041C	0.56713	0	25	403	154
YFR006W	YDR080W	0.56699	0	13	107	567
YDL216C	YMR060C	0.56692	0	17	166	319
YER005W	YKR088C	0.56688	0	6	96	108
YBR272C	YDR292C	0.56682	0	9	106	329
YER120W	YML038C	0.56647	0	21	333	127
YLR348C	YER122C	0.56626	0	30	113	519
YOR187W	YMR055C	0.56606	0	13	187	213
YLR247C	YDR197W	0.56542	0	11	97	141
YCR028C-A	YDR121W	0.56538	0	26	409	151
YDR155C	YNR041C	0.56531	0	18	157	318
YPL225W	YCL005W	0.56524	0	17	103	161
YPL041C	YJR117W	0.56515	0	32	164	360
YDR450W	YNR032C-A	0.56506	0	10	145	124
YPL005W	YNL007C	0.56505	0	6	76	91
YPL154C	YNL012W	0.5648	0	6	179	107
YDR349C	YGL153W	0.56468	0	10	80	205
YKL171W	YHR114W	0.56466	0	8	214	200
YKL168C	YGL187C	0.56458	0	9	148	224
YLR216C	YNR016C	0.56451	0	28	163	271
YOR267C	YER042W	0.56401	0	8	168	121
YIR011C	YDR493W	0.5639	0	12	392	93
YGL066W	YLR057W	0.56387	0	17	678	71
YIL091C	YGL238W	0.5637	0	27	124	239
YGR092W	YPL056C	0.56368	0	22	903	81
YNL278W	YDL060W	0.5634	0	8	108	154
YMR269W	YNL055C	0.56303	0	26	300	424
YLR310C	YIL139C	0.56297	0	12	493	79
YOR008C-A	YLR352W	0.56296	0	5	109	82
YDR507C	YDR253C	0.5629	0	12	296	89
YNR008W	YKR020W	0.56227	0	27	127	538
YNR019W	YPR029C	0.56213	0	14	141	178
YOL080C	YER035W	0.56212	0	4	71	61
YLR208W	YLR053C	0.562	0	8	293	80
YCR076C	YDR359C	0.56194	0	10	98	474
YLR251W	YNL118C	0.56178	0	15	54	645
YOR293C-A	YCR097W	0.56176	0	2	15	25
YGL066W	YCL005W	0.56162	0	55	678	161
YDL160C	YBR025C	0.56154	1	111	3583	150
YIL118W	YDL056W	0.56139	0	16	238	156
YOR187W	YGL257C	0.56133	0	6	187	83
YNL085W	YCR020W-B	0.56103	0	21	310	117
YDR435C	YNL251C	0.56102	0	17	195	259
YPR045C	YDR318W	0.56084	0	33	325	222
YML006C	YNR021W	0.56081	0	11	133	90
YHR132C	YBR267W	0.5608	0	10	70	430
YGR142W	YEL013W	0.56072	0	10	64	328
YDR390C	YJR139C	0.56046	0	2	29	507
YBR260C	YBR069C	0.56036	0	11	251	85
YBR089C-A	YNR011C	0.56017	0	20	154	301
YLL006W	YDL240W	0.56004	0	40	637	128
YDL116W	YPL242C	0.55996	0	13	343	97
YDR523C	YIL104C	0.55981	0	3	103	95
YOR185C	YMR275C	0.55972	0	5	109	230
YPL005W	YER006W	0.55955	0	4	76	220
YNL220W	YDR130C	0.55948	0	11	147	190
YKL016C	YML032C	0.55943	0	32	244	555
YBR195C	YDL120W	0.55941	0	9	149	103
YMR166C	YPL183W-A	0.55935	0	22	141	263
YBR017C	YDR389W	0.55917	0	35	234	497
YDL097C	YGR240C-A	0.55901	0	11	716	53
YLL024C	YJR101W	0.55885	0	11	442	131
YMR083W	YOR008C	0.55882	0	6	169	200
YPL002C	YDL248W	0.55859	0	15	119	320
YDR276C	YKL189W	0.55827	0	13	508	65
YCL045C	YPL262W	0.55798	0	29	146	423
YLR113W	YDR449C	0.55791	0	42	638	218
YIL148W	YDR091C	0.55788	0	21	178	172
YGL211W	YLR381W	0.55771	0	18	310	151
YLR092W	YGL017W	0.55728	0	0	77	22
YOR005C	YDR121W	0.55701	0	17	245	151
YHR098C	YLR248W	0.55692	0	17	382	132
YGR250C	YGR097W	0.5569	0	27	96	613
YGL213C	YHR064C	0.55687	0	12	240	109
YMR035W	YDR167W	0.55683	0	29	299	283
YDR021W	YLR199C	0.55674	0	15	312	97
YNL169C	YGL078C	0.55673	0	32	473	235
YOR304C-A	YOR254C	0.55654	0	19	81	600
YKL059C	YGR082W	0.55653	0	17	237	89
YJR105W	YER006W	0.5565	0	25	240	220
YDR285W	YJL168C	0.55644	0	16	92	616
YLR239C	YLR285W	0.55642	0	9	384	68
YKL104C	YLR303W	0.55636	0	12	197	82
YDL113C	YNL192W	0.55621	0	11	104	128
YLR081W	YBL045C	0.55611	0	4	67	135
YDR178W	YNR041C	0.55606	0	15	94	318
YNL058C	YBR135W	0.55589	0	13	51	631
YHR064C	YDR103W	0.55588	0	5	109	57
YLR201C	YNL104C	0.55574	0	19	194	121
YLR221C	YKL017C	0.55563	0	7	113	124
YHR099W	YER144C	0.55557	0	12	258	79
YKR062W	YER052C	0.55555	0	26	195	289
YPL061W	YDR322C-A	0.55532	0	8	217	57
YKR016W	YKL015W	0.55501	0	17	372	103
YCR033W	YBR101C	0.55493	0	26	666	99
YEL013W	YGR141W	0.55477	0	16	328	88
YBR201W	YNL082W	0.55472	0	15	242	238
YGL043W	YLL007C	0.55466	0	33	584	85
YDR503C	YMR077C	0.55459	0	9	71	161
YDR484W	YLR154C	0.55452	0	18	420	108
YKL040C	YDL054C	0.55425	0	5	203	85
YER178W	YNL132W	0.55424	0	29	475	181
YMR005W	YDL160C-A	0.55412	0	5	251	32
YOR388C	YLR370C	0.5539	0	8	79	370
YPL048W	YCR034W	0.55374	0	28	170	536
YGR074W	YLR204W	0.55369	0	13	375	133
YPR034W	YMR110C	0.55349	0	7	306	67
YHR039C	YPL009C	0.55334	0	8	109	174
YLR191W	YJL123C	0.55324	0	36	269	371
YPL270W	YBR145W	0.55317	0	12	265	114
YDL127W	YDR233C	0.55262	0	6	87	173
YGR217W	YLL036C	0.55256	0	36	164	500
YPR183W	YDR226W	0.55251	0	29	478	88
YDR096W	YNL181W	0.55237	0	46	148	1033
YOR191W	YLR354C	0.55217	0	9	191	104
YFL011W	YKR016W	0.55189	0	6	61	372
YCR076C	YPR180W	0.55185	0	11	98	219
YMR229C	YGL090W	0.5518	0	12	351	77
YKL004W	YGL237C	0.55178	0	15	193	167
YHR064C	YJR066W	0.55176	0	19	109	439
YKL212W	YER053C	0.55168	0	18	1065	60
YFL017C	YDL115C	0.55166	0	26	306	276
YPL167C	YBR211C	0.55165	0	11	134	289
YBR290W	YML106W	0.55144	0	18	208	163
YMR270C	YHR082C	0.55142	0	15	121	459
YBR253W	YMR025W	0.55141	0	12	199	146
YLR433C	YHR167W	0.55126	0	14	118	398
YPR122W	YDR032C	0.55124	0	4	190	130
YGL055W	YPL181W	0.55097	0	30	197	378
YMR058W	YJL024C	0.55093	0	9	115	147
YJL029C	YIL173W	0.55084	0	9	704	34
YMR285C	YDR009W	0.55052	0	2	161	62
YPL153C	YGR187C	0.55033	0	29	576	141
YBL093C	YOL002C	0.55013	0	5	69	303
YDR147W	YAL054C	0.55008	0	2	108	88
YPR048W	YAR071W	0.55007	0	10	143	116
YJL065C	YLR304C	0.55003	0	6	122	199
YFL017W-A	YDR168W	0.55003	0	7	56	726
YNL075W	YJR132W	0.54992	0	2	57	76
YDR058C	YJR088C	0.54982	0	18	160	167
YOR194C	YDL047W	0.54982	0	15	267	184
YLR229C	YGL194C	0.54961	0	37	317	391
YML121W	YDR175C	0.54954	0	17	399	168
YPL032C	YLR206W	0.54947	0	18	159	181
YDR405W	YIR010W	0.54943	0	21	151	644
YDR037W	YBR127C	0.54942	0	21	157	173
YBR180W	YLL021W	0.5494	0	3	45	180
YHR035W	YLR056W	0.54921	0	18	68	749
YBR193C	YNL287W	0.5491	0	28	610	152
YJR031C	YJR006W	0.54892	0	15	93	469
YKL024C	YOL093W	0.54888	0	14	230	83
YNL128W	YEL018W	0.54871	0	19	114	344
YDR300C	YCL040W	0.54852	0	5	30	56
YBR074W	YLL031C	0.54849	0	10	59	590
YOR232W	YDR118W	0.54832	0	7	338	42
YLL035W	YJL140W	0.54831	0	8	204	139
YEL040W	YMR186W	0.54771	0	29	93	1182
YML097C	YMR110C	0.54754	0	16	574	67
YBR170C	YCR072C	0.5474	0	5	249	97
YNL093W	YDR378C	0.5474	0	16	60	858
YMR295C	YPL213W	0.54731	0	17	90	680
YGL233W	YDR028C	0.54703	0	16	255	136
YLR445W	YMR263W	0.54694	0	7	41	581
YHR051W	YHR156C	0.54693	0	10	419	113
YDR252W	YMR112C	0.54683	0	14	88	454
YDR110W	YDL043C	0.54677	0	14	103	312
YJR112W	YLR377C	0.54677	0	6	252	85
YIL144W	YML028W	0.54673	0	70	298	584
YHR083W	YJR141W	0.54615	0	12	94	327
YOR099W	YLR115W	0.54604	0	14	113	522
YPR010C	YGL213C	0.54602	0	12	151	240
YMR283C	YOR359W	0.54602	0	10	112	489
YER167W	YEL007W	0.54594	0	27	242	144
YNL175C	YBR175W	0.54585	0	15	136	326
YIR013C	YPL008W	0.54577	0	5	29	481
YOR330C	YDR061W	0.54573	0	8	157	133
YKL176C	YML088W	0.54566	0	20	292	179
YJR082C	YGL107C	0.54559	0	18	260	223
YOR319W	YHR134W	0.54551	0	14	187	209
YBL017C	YNL020C	0.54533	0	11	200	156
YJR032W	YPL029W	0.54478	0	23	341	213
YPL024W	YDR026C	0.54471	0	16	292	114
YFL036W	YDR009W	0.5447	0	4	269	62
YIR002C	YMR274C	0.5446	0	22	258	173
YJR084W	YLR231C	0.5445	0	10	604	56
YIL128W	YPR112C	0.54427	0	23	283	284
YDR183W	YDR257C	0.54424	0	10	110	76
YBR171W	YLR270W	0.54422	0	24	582	78
YLR016C	YHR107C	0.54407	0	28	110	787
YDR213W	YIL105C	0.54405	0	11	125	149
YLR174W	YIL040W	0.54403	0	16	92	496
YDR142C	YHR191C	0.54392	0	13	77	647
YGL012W	YGL057C	0.54355	0	11	267	165
YMR316W	YHR046C	0.54335	1	5	129	130
YML086C	YGL203C	0.5433	0	10	127	221
YGR033C	YBR109C	0.54314	0	46	170	982
YBR058C	YIR026C	0.54295	0	13	214	119
YKL093W	YHR190W	0.54295	0	6	120	338
YIL106W	YLR324W	0.54286	0	12	314	107
YGL235W	YNR074C	0.54248	0	7	370	60
YBL056W	YFL001W	0.54241	0	19	145	403
YDR176W	YBR150C	0.54239	0	11	164	85
YPL145C	YKR095W	0.54235	0	20	278	310
YIL146C	YGL071W	0.54227	0	20	237	306
YDR060W	YER140W	0.54172	0	14	438	109
YLR095C	YGL067W	0.54152	0	8	105	93
YBL024W	YML014W	0.54141	0	10	184	112
YBR111W-A	YHR022C-A	0.54129	0	10	409	71
YKR010C	YDL139C	0.54114	0	12	149	146
YMR077C	YJL105W	0.54095	0	5	161	97
YLR355C	YPL129W	0.54084	0	18	118	288
YOL005C	YDR471W	0.5408	0	43	383	171
YBR231C	YHR121W	0.54063	1	52	885	179
YBR231C	YHR121W	0.54063	0	52	885	179
YJL071W	YDR295C	0.54031	0	5	21	366
YLL026W	YJR137C	0.53993	0	15	449	141
YNL002C	YLR096W	0.53989	0	18	403	199
YIL148W	YPL101W	0.53985	0	36	178	419
YNR019W	YBR267W	0.53973	0	20	141	430
YBL067C	YLR246W	0.53968	0	14	235	79
YIL017C	YOR185C	0.53968	0	4	170	109
YBR279W	YDR385W	0.53909	0	17	152	191
YPR133C	YIR017C	0.53898	0	36	425	156
YIL107C	YKL208W	0.53886	0	17	173	286
YNL210W	YOL142W	0.53883	0	0	32	18
YDL063C	YOL040C	0.53861	0	18	67	181
YGR180C	YJR041C	0.53841	0	17	194	156
YNL330C	YMR126C	0.53834	0	52	1022	115
YBR083W	YOL108C	0.53803	0	29	128	742
YMR268C	YBR038W	0.53784	0	40	566	184
YLR002C	YBR061C	0.53783	0	6	245	52
YNL066W	YDR496C	0.5378	0	15	122	321
YBR129C	YHR119W	0.53767	0	24	95	449
YPR140W	YDR298C	0.53761	0	11	86	150
YIL035C	YAL001C	0.53759	0	24	364	162
YHR039C-A	YIL133C	0.53737	0	10	37	345
YPL237W	YGL202W	0.53724	0	12	131	140
YEL026W	YDR295C	0.53722	0	21	166	366
YJR150C	YML026C	0.53707	0	4	73	182
YDR361C	YGR054W	0.53695	0	8	147	115
YMR099C	YBR102C	0.53689	0	15	83	312
YPL149W	YGL255W	0.53666	0	8	158	181
YOR026W	YDL079C	0.53666	0	18	696	90
YMR039C	YJR055W	0.53655	0	9	431	64
YOR167C	YOL064C	0.53653	0	26	119	384
YGR174C	YBR152W	0.53624	0	20	275	156
YDR362C	YOR104W	0.53605	0	13	195	94
YOL025W	YML068W	0.53595	0	5	65	80
YDR146C	YMR220W	0.53591	0	20	419	150
YMR279C	YGR277C	0.53589	0	7	57	250
YCR059C	YPL183C	0.53571	0	12	89	180
YDR462W	YNR017W	0.53568	0	16	79	347
YOR072W-B	YJL062W	0.53564	0	16	111	381
YHR062C	YDR071C	0.53562	0	18	197	289
YPR047W	YBR217W	0.53561	0	5	88	212
YJL210W	YGR044C	0.53547	0	5	125	156
YBL087C	YBR283C	0.53541	0	22	213	280
YLL023C	YGL186C	0.53538	0	9	253	60
YKL106C-A	YLL035W	0.5352	0	4	47	204
YIL153W	YPL049C	0.53479	0	30	272	201
YDR515W	YPR020W	0.53443	1	16	553	122
YFL007W	YBR082C	0.53442	0	43	303	412
YHR048W	YNL031C	0.53438	0	16	81	670
YPL122C	YDR395W	0.53406	0	13	161	167
YHR190W	YJR015W	0.53394	0	4	338	46
YNL048W	YDL126C	0.53387	0	46	115	861
YNL153C	YER143W	0.53367	0	27	822	102
YIL103W	YBL002W	0.53364	0	8	72	255
YNL070W	YPR030W	0.5332	0	13	170	158
YER035W	YDL039C	0.53313	0	11	61	113
YNL233W	YIL140W	0.53311	0	21	148	139
YBR272C	YNL222W	0.53306	0	10	106	231
YEL003W	YDR259C	0.53304	0	22	586	86
YCR010C	YLR117C	0.53302	0	4	71	279
YGR178C	YGL187C	0.53301	0	14	243	224
YIL008W	YER134C	0.53288	0	13	309	106
YMR133W	YKL117W	0.53259	0	4	58	375
YDR186C	YOR153W	0.5325	0	12	236	122
YIL126W	YNL178W	0.53238	0	19	183	284
YLR407W	YDL157C	0.53236	0	8	94	186
YOR005C	YHR087W	0.53234	0	6	245	113
YOL006C	YHR168W	0.53221	0	13	623	71
YOR179C	YDR328C	0.53221	0	8	178	145
YDR534C	YNL032W	0.53217	0	11	61	440
YFL013C	YIL137C	0.53198	0	39	490	249
YGL003C	YLL033W	0.53193	0	22	340	127
YOR009W	YPR140W	0.53186	0	4	80	86
YCL001W-B	YPL022W	0.53168	0	11	104	479
YPR036W-A	YDR138W	0.53136	0	7	74	141
YML068W	YDR145W	0.53133	0	17	80	738
YDR301W	YPL038W-A	0.5313	0	5	103	30
YKR029C	YLR324W	0.5313	0	17	408	107
YFR051C	YLR442C	0.53121	0	17	493	100
YLR166C	YPR112C	0.53109	0	24	205	284
YDL175C	YML130C	0.531	0	18	147	349
YDR129C	YDR523C	0.53099	0	14	286	103
YEL007W	YLR429W	0.53087	0	12	144	176
YGL093W	YFR013W	0.53059	1	24	417	123
YOR341W	YDR534C	0.53055	0	6	454	61
YPR078C	YMR274C	0.53024	0	12	119	173
YJL050W	YDL052C	0.52998	0	18	260	105
YNL080C	YBR273C	0.52974	0	14	732	57
YER100W	YDR485C	0.52964	0	30	162	549
YKL004W	YPR095C	0.52947	0	11	193	140
YNL127W	YKR061W	0.5294	0	15	254	104
YNR029C	YNR017W	0.52916	0	8	55	347
YER125W	YOR264W	0.52916	0	23	1207	83
YFL052W	YNL132W	0.52909	0	10	136	181
YNL213C	YNR018W	0.52908	0	10	154	134
YLR182W	YOR054C	0.52895	0	46	683	188
YBR033W	YGL150C	0.52895	0	19	113	268
YLR293C	YGR184C	0.52872	0	22	332	226
YKL161C	YDR181C	0.52844	0	5	100	162
YCL024W	YOR296W	0.52838	0	6	140	87
YKL050C	YPL149W	0.52799	0	5	107	158
YHR140W	YIL027C	0.52791	0	13	88	186
YGL244W	YPL116W	0.52781	0	29	711	91
YKL211C	YIL160C	0.52773	0	12	89	270
YDR288W	YOR109W	0.52761	0	48	414	312
YKR014C	YLR347C	0.52759	0	27	113	607
YPL057C	YPR008W	0.52744	0	23	861	71
YGR170W	YNL020C	0.52722	0	16	182	156
YKR009C	YMR239C	0.52717	0	6	61	337
YDL114W	YGL124C	0.52698	0	8	42	425
YNL031C	YML093W	0.52692	0	31	670	101
YCL057C-A	YCR090C	0.5267	0	19	119	253
YKL058W	YGL201C	0.52646	0	13	37	188
YCL029C	YML109W	0.52601	0	21	235	105
YKL057C	YOR077W	0.52596	0	11	328	68
YDR146C	YOR028C	0.52594	0	24	419	132
YFR032C-A	YML085C	0.52565	0	10	177	137
YIL016W	YMR180C	0.52553	0	7	198	75
YMR242W-A	YMR269W	0.52549	0	7	26	300
YAR018C	YDR084C	0.52546	0	7	297	55
YKL061W	YPL262W	0.52541	0	9	78	423
YJR041C	YKR054C	0.52529	0	26	156	344
YDR155C	YMR115W	0.52521	0	15	157	194
YLR352W	YPL086C	0.52485	0	14	82	503
YBR050C	YKR001C	0.52475	0	10	41	498
YOR242C	YDR264C	0.52445	0	11	168	187
YOR360C	YCL002C	0.52423	0	29	624	92
YFL008W	YDL112W	0.52407	0	21	431	98
YOR340C	YER007C-A	0.52388	0	6	140	50
YJL201W	YJL091C	0.52375	0	16	91	454
YIL113W	YKR036C	0.52351	0	7	68	120
YMR193W	YML095C	0.52343	0	5	187	155
YLR139C	YGR280C	0.52335	0	8	59	38
YLR083C	YML126C	0.52307	0	11	81	265
YDR190C	YGL047W	0.523	0	19	590	95
YPL032C	YOR262W	0.52296	0	18	159	290
YDR004W	YLR442C	0.52279	0	24	252	100
YIL078W	YPL006W	0.52273	0	29	279	205
YOR012W	YKR019C	0.52268	0	5	79	320
YDL105W	YJL190C	0.52252	0	31	798	105
YKL180W	YJR070C	0.52229	0	19	166	241
YGL147C	YGR178C	0.52221	0	39	210	243
YGL093W	YPR155C	0.52204	1	26	417	77
YOR347C	YGL027C	0.52202	0	4	83	200
YDR301W	YDR158W	0.52196	0	16	103	337
YMR121C	YNL230C	0.52189	0	8	80	89
YNR074C	YJL136C	0.52175	0	13	60	360
YGL202W	YIL150C	0.52159	0	20	140	358
YNR018W	YOR186W	0.52155	0	2	134	109
YMR126C	YGR266W	0.52102	0	5	115	51
YKL105C	YDL083C	0.52084	0	17	133	270
YDR158W	YML091C	0.52074	0	6	337	42
YDL005C	YPR035W	0.52066	0	12	144	132
YJR148W	YDL042C	0.52059	0	19	151	361
YGR286C	YLR304C	0.52042	0	11	90	199
YOR201C	YOL127W	0.5202	0	7	155	94
YMR219W	YLR166C	0.52019	0	26	210	205
YKL042W	YAL059W	0.51998	0	18	315	126
YLR430W	YGL063W	0.51983	0	16	439	71
YOR011W	YAR031W	0.51979	0	5	78	74
YKL161C	YIR019C	0.51963	0	8	100	113
YDR490C	YGR173W	0.51908	0	9	135	74
YPR103W	YCR042C	0.51875	0	7	705	43
YBR175W	YHR017W	0.51862	0	15	326	66
YNL144C	YKR018C	0.51827	0	4	29	135
YCR008W	YPL081W	0.5182	0	15	239	156
YPR052C	YLR061W	0.51796	0	31	171	385
YKL168C	YGL003C	0.51779	0	22	148	340
YJR070C	YHR011W	0.51771	0	15	241	117
YMR309C	YBR049C	0.51764	0	64	245	617
YDR045C	YGL197W	0.5176	0	17	285	148
YDR076W	YDL093W	0.51752	0	8	264	101
YLR329W	YDR378C	0.51749	0	30	74	858
YJR135W-A	YOL149W	0.51746	0	22	91	386
YNL301C	YJL089W	0.51728	0	4	117	135
YPL226W	YDL055C	0.51721	1	34	574	140
YAL030W	YDL100C	0.51677	0	20	74	452
YMR181C	YIR010W	0.51676	0	23	61	644
YGL225W	YBR037C	0.51669	0	12	126	156
YER091C	YML017W	0.51667	0	18	143	307
YGR180C	YLR442C	0.51635	0	16	194	100
YLL013C	YJL123C	0.51607	0	138	1927	371
YPR100W	YLR443W	0.51602	0	6	82	97
YLR113W	YPR154W	0.51593	0	16	638	117
YOL145C	YAL009W	0.51592	0	18	188	207
YCR091W	YOL044W	0.51571	0	8	145	200
YPR173C	YOL131W	0.51537	0	15	578	58
YML098W	YKL058W	0.51521	0	15	395	37
YNL265C	YNL110C	0.51519	0	9	60	223
YBR252W	YPR086W	0.5151	0	15	99	396
YDR207C	YJR137C	0.51504	0	33	779	141
YIL044C	YPL201C	0.51486	0	10	183	78
YOR193W	YOR080W	0.51444	0	20	70	666
YPR118W	YGL119W	0.5143	0	3	76	122
YKL061W	YOR157C	0.51429	0	10	78	272
YMR168C	YEL062W	0.51406	0	33	588	146
YIL103W	YJL045W	0.51394	0	6	72	257
YGL104C	YMR274C	0.5139	0	16	78	173
YMR091C	YAL003W	0.51389	0	8	126	63
YIL050W	YIL003W	0.5138	0	10	56	247
YHR191C	YOR381W	0.51368	0	15	647	94
YPL171C	YPR002W	0.51365	0	1	106	31
YMR256C	YNL239W	0.51351	0	2	310	47
YPR192W	YOR196C	0.51337	0	5	33	425
YHR171W	YGR092W	0.51315	0	36	115	903
YLL029W	YHR154W	0.5131	0	25	189	422
YFR055W	YGL051W	0.51289	0	2	81	79
YER176W	YOL111C	0.51263	0	17	77	328
YKL045W	YER060W-A	0.5126	0	6	233	104
YGL100W	YFL034W	0.51252	0	10	375	75
YER119C	YDL216C	0.51205	0	4	53	166
YOL052C	YNL213C	0.51191	0	20	303	154
YGL100W	YBR132C	0.51175	0	6	375	116
YLR367W	YGR178C	0.51166	0	24	135	243
YGR206W	YLR162W	0.51153	0	1	155	39
YER029C	YPR024W	0.51132	0	21	117	742
YGR171C	YPL151C	0.5113	0	11	57	222
YDL145C	YKR030W	0.51122	0	36	589	98
YCR102C	YOR267C	0.5112	0	7	179	168
YOR140W	YGR021W	0.51115	0	16	352	114
YKL208W	YPL154C	0.51113	0	11	286	179
YOR045W	YNL271C	0.51098	0	15	155	443
YNL329C	YMR216C	0.51089	0	14	81	401
YHR048W	YDR492W	0.51084	0	6	81	72
YKR036C	YGR072W	0.51074	0	12	120	252
YDL161W	YMR283C	0.51057	0	8	171	112
YOR002W	YLR348C	0.5103	0	14	338	113
YCL036W	YGR260W	0.5103	0	10	95	293
YGL167C	YDR130C	0.51024	0	47	825	190
YJR044C	YDR163W	0.51021	0	16	208	128
YNL219C	YLR355C	0.5102	0	22	281	118
YKR065C	YKL063C	0.51011	0	12	255	57
YGL020C	YPL166W	0.51007	0	21	770	82
YNL135C	YDR058C	0.51001	0	10	304	160
YIR010W	YBR261C	0.50973	0	25	644	109
YKL211C	YJR084W	0.50971	0	18	89	604
YGL058W	YJL002C	0.50961	0	27	385	203
YHR003C	YJL089W	0.50938	0	5	92	135
YBR106W	YDR348C	0.50933	0	7	210	116
YOL145C	YBL017C	0.50932	0	20	188	200
YBL066C	YPL148C	0.50923	0	7	107	222
YDR512C	YBR079C	0.50915	0	25	245	271
YJL033W	YNL141W	0.50894	0	25	173	377
YLR097C	YDR437W	0.50877	0	16	64	697
YOL108C	YBR298C	0.50863	0	15	742	82
YKL065C	YKL221W	0.5086	0	6	139	42
YBL107C	YGL241W	0.50851	0	4	40	106
YMR044W	YBL011W	0.50849	0	15	176	194
YMR194W	YKL182W	0.50848	0	17	222	83
YGL200C	YKL019W	0.50821	0	8	207	132
YKR062W	YGL057C	0.50815	0	21	195	165
YHR079C	YMR071C	0.50791	0	12	471	76
YNL246W	YOR210W	0.50786	0	25	107	440
YMR267W	YLR407W	0.50781	0	11	415	94
YIL091C	YJR073C	0.50778	0	30	124	602
YML060W	YGL194C	0.50764	0	15	85	391
YDR318W	YGR054W	0.50748	0	16	222	115
YDR364C	YLR403W	0.50737	0	6	162	53
YBR131W	YOR045W	0.50715	0	28	431	155
YBL057C	YLR133W	0.50673	0	5	71	116
YDL053C	YBR076W	0.50668	0	12	140	193
YEL069C	YER112W	0.50666	0	7	61	187
YDR298C	YJL205C	0.50657	0	11	150	112
YPL141C	YJR097W	0.50646	1	11	159	130
YLR451W	YGL045W	0.50631	0	14	68	466
YGR206W	YDR135C	0.50611	0	10	155	105
YNR019W	YJR006W	0.50606	0	20	141	469
YER048C	YOR198C	0.50603	0	86	283	1337
YEL041W	YKL087C	0.50583	0	8	84	199
YMR235C	YJL200C	0.50577	0	11	672	72
YDL161W	YJL164C	0.50572	0	16	171	424
YNL253W	YOR103C	0.50572	0	5	68	368
YAL058W	YDR382W	0.50566	0	23	199	372
YBR070C	YDR284C	0.50565	0	9	301	60
YBR009C	YIL091C	0.50556	0	27	695	124
YNL181W	YJR090C	0.50537	0	17	1033	97
YNL257C	YJL196C	0.50522	0	7	62	100
YLR452C	YKL092C	0.5052	0	12	412	70
YKL161C	YDL236W	0.50507	0	5	100	85
YDL171C	YMR239C	0.50504	0	17	164	337
YDR126W	YPL056C	0.5047	0	30	477	81
YER122C	YDR482C	0.5045	0	35	519	161
YJR150C	YBR253W	0.50449	0	7	73	199
YDR099W	YBR236C	0.50446	0	23	244	340
YMR300C	YJL098W	0.50445	0	19	130	190
YMR124W	YOR057W	0.50445	0	33	131	666
YEL030W	YFR014C	0.5044	0	9	100	288
YJL136C	YJL068C	0.50438	0	16	360	112
YDL235C	YNL113W	0.50408	0	13	93	314
YMR193W	YPL209C	0.50379	0	16	187	494
YKR031C	YBL071W-A	0.50347	0	8	101	143
YMR115W	YPL168W	0.50345	0	7	194	88
YBR218C	YKL054C	0.50344	0	12	216	258
YLR264C-A	YMR213W	0.50333	0	13	55	297
YHR201C	YPL226W	0.50323	0	26	195	574
YNL053W	YGR091W	0.50317	0	11	153	225
YGL047W	YJL138C	0.50301	0	16	95	337
YPL056C	YDL019C	0.50287	0	2	81	65
YER038C	YNL253W	0.5028	0	4	160	68
YML055W	YDR494W	0.50267	0	7	115	186
YLR002C	YBR180W	0.50262	0	4	245	45
YDR485C	YMR285C	0.50249	0	33	549	161
YPL228W	YDR279W	0.50237	0	31	502	131
YML072C	YJL078C	0.50228	0	15	339	119
YOR143C	YGR206W	0.50225	0	16	152	155
YBL022C	YMR080C	0.50218	0	22	86	779
YJR098C	YDR175C	0.5021	0	2	63	168
YKL155C	YPL120W	0.50206	0	14	88	482
YBR218C	YPL018W	0.50182	0	17	216	309
YCL011C	YDR508C	0.5018	0	16	179	221
YPL266W	YIL005W	0.50175	0	4	259	66
YGL103W	YDL069C	0.50166	0	9	277	116
YNL128W	YDR121W	0.50161	0	10	114	151
YDR153C	YLR072W	0.50155	0	6	181	90
YDR373W	YPL071C	0.50154	0	9	292	56
YLR263W	YFR008W	0.50122	0	6	64	188
YDR260C	YDR531W	0.50118	0	15	163	260
YDL174C	YIR038C	0.50083	0	9	74	101
YML104C	YMR144W	0.50061	0	7	109	101
YMR127C	YER087W	0.50031	0	10	149	77
YNL172W	YOR037W	0.50029	1	28	501	170
YBL015W	YMR299C	0.50018	0	9	143	286
YJL011C	YLR006C	0.50018	0	13	205	120
YDR077W	YBL098W	0.50012	0	6	103	94
